,0,1
0,Mueller OR Flynn OR Manafort OR Cohen AND lastPublishDateTime:>2014-01-01T00:00:00Z AND lastPublishDateTime:<2014-02-02T00:00:00Z,fb095ace-89db-11e3-8829-00144feab7de
1,Mueller OR Flynn OR Manafort OR Cohen AND lastPublishDateTime:>2014-01-01T00:00:00Z AND lastPublishDateTime:<2014-02-02T00:00:00Z,e6714e2a-876d-11e3-9c5c-00144feab7de
2,Mueller OR Flynn OR Manafort OR Cohen AND lastPublishDateTime:>2014-01-01T00:00:00Z AND lastPublishDateTime:<2014-02-02T00:00:00Z,c562a032-881f-11e3-a926-00144feab7de
3,Mueller OR Flynn OR Manafort OR Cohen AND lastPublishDateTime:>2014-01-01T00:00:00Z AND lastPublishDateTime:<2014-02-02T00:00:00Z,2ab92ae0-845c-11e3-9710-00144feab7de
4,Mueller OR Flynn OR Manafort OR Cohen AND lastPublishDateTime:>2014-01-01T00:00:00Z AND lastPublishDateTime:<2014-02-02T00:00:00Z,d44c7a00-8455-11e3-9710-00144feab7de
5,Mueller OR Flynn OR Manafort OR Cohen AND lastPublishDateTime:>2014-01-01T00:00:00Z AND lastPublishDateTime:<2014-02-02T00:00:00Z,bda6b7ae-81f1-11e3-a600-00144feab7de
6,Mueller OR Flynn OR Manafort OR Cohen AND lastPublishDateTime:>2014-01-01T00:00:00Z AND lastPublishDateTime:<2014-02-02T00:00:00Z,6239bb30-5b60-11e3-848e-00144feabdc0
7,Mueller OR Flynn OR Manafort OR Cohen AND lastPublishDateTime:>2014-01-01T00:00:00Z AND lastPublishDateTime:<2014-02-02T00:00:00Z,5c4cd614-7ecc-11e3-a2a7-00144feabdc0
8,Mueller OR Flynn OR Manafort OR Cohen AND lastPublishDateTime:>2014-01-01T00:00:00Z AND lastPublishDateTime:<2014-02-02T00:00:00Z,25ec077c-7c40-11e3-b514-00144feabdc0
9,Mueller OR Flynn OR Manafort OR Cohen AND lastPublishDateTime:>2014-01-01T00:00:00Z AND lastPublishDateTime:<2014-02-02T00:00:00Z,4200388a-7ece-11e3-8642-00144feabdc0
10,Mueller OR Flynn OR Manafort OR Cohen AND lastPublishDateTime:>2014-01-01T00:00:00Z AND lastPublishDateTime:<2014-02-02T00:00:00Z,c7121b52-7eaa-11e3-a2a7-00144feabdc0
11,Mueller OR Flynn OR Manafort OR Cohen AND lastPublishDateTime:>2014-01-01T00:00:00Z AND lastPublishDateTime:<2014-02-02T00:00:00Z,c1617cce-7a0f-11e3-a3e6-00144feabdc0
12,Mueller OR Flynn OR Manafort OR Cohen AND lastPublishDateTime:>2014-01-01T00:00:00Z AND lastPublishDateTime:<2014-02-02T00:00:00Z,8ab007be-798c-11e3-91ac-00144feabdc0
13,Mueller OR Flynn OR Manafort OR Cohen AND lastPublishDateTime:>2014-01-01T00:00:00Z AND lastPublishDateTime:<2014-02-02T00:00:00Z,85a2dcba-79d7-11e3-a3e6-00144feabdc0
14,Mueller OR Flynn OR Manafort OR Cohen AND lastPublishDateTime:>2014-01-01T00:00:00Z AND lastPublishDateTime:<2014-02-02T00:00:00Z,11ccc96c-7988-11e3-b381-00144feabdc0
15,Mueller OR Flynn OR Manafort OR Cohen AND lastPublishDateTime:>2014-01-01T00:00:00Z AND lastPublishDateTime:<2014-02-02T00:00:00Z,461db31a-76d2-11e3-a253-00144feabdc0
16,Mueller OR Flynn OR Manafort OR Cohen AND lastPublishDateTime:>2014-01-01T00:00:00Z AND lastPublishDateTime:<2014-02-02T00:00:00Z,75e2d7e4-74a5-11e3-9125-00144feabdc0
17,Mueller OR Flynn OR Manafort OR Cohen AND lastPublishDateTime:>2014-02-01T00:00:00Z AND lastPublishDateTime:<2014-03-02T00:00:00Z,0435f4aa-9ef3-11e3-8663-00144feab7de
18,Mueller OR Flynn OR Manafort OR Cohen AND lastPublishDateTime:>2014-02-01T00:00:00Z AND lastPublishDateTime:<2014-03-02T00:00:00Z,d82ad692-9d89-11e3-a599-00144feab7de
19,Mueller OR Flynn OR Manafort OR Cohen AND lastPublishDateTime:>2014-02-01T00:00:00Z AND lastPublishDateTime:<2014-03-02T00:00:00Z,033d18a4-9d3f-11e3-a599-00144feab7de
20,Mueller OR Flynn OR Manafort OR Cohen AND lastPublishDateTime:>2014-02-01T00:00:00Z AND lastPublishDateTime:<2014-03-02T00:00:00Z,d88359b8-9afd-11e3-b0d0-00144feab7de
21,Mueller OR Flynn OR Manafort OR Cohen AND lastPublishDateTime:>2014-02-01T00:00:00Z AND lastPublishDateTime:<2014-03-02T00:00:00Z,f0701aba-9a45-11e3-a407-00144feab7de
22,Mueller OR Flynn OR Manafort OR Cohen AND lastPublishDateTime:>2014-02-01T00:00:00Z AND lastPublishDateTime:<2014-03-02T00:00:00Z,26ee0b06-9b13-11e3-946b-00144feab7de
23,Mueller OR Flynn OR Manafort OR Cohen AND lastPublishDateTime:>2014-02-01T00:00:00Z AND lastPublishDateTime:<2014-03-02T00:00:00Z,f53bfd44-9981-11e3-b3a2-00144feab7de
24,Mueller OR Flynn OR Manafort OR Cohen AND lastPublishDateTime:>2014-02-01T00:00:00Z AND lastPublishDateTime:<2014-03-02T00:00:00Z,ec40d24c-9985-11e3-91cd-00144feab7de
25,Mueller OR Flynn OR Manafort OR Cohen AND lastPublishDateTime:>2014-02-01T00:00:00Z AND lastPublishDateTime:<2014-03-02T00:00:00Z,b0e38024-998e-11e3-91cd-00144feab7de
26,Mueller OR Flynn OR Manafort OR Cohen AND lastPublishDateTime:>2014-02-01T00:00:00Z AND lastPublishDateTime:<2014-03-02T00:00:00Z,54cfb7c8-94a0-11e3-9146-00144feab7de
27,Mueller OR Flynn OR Manafort OR Cohen AND lastPublishDateTime:>2014-02-01T00:00:00Z AND lastPublishDateTime:<2014-03-02T00:00:00Z,2c201bec-927f-11e3-8018-00144feab7de
28,Mueller OR Flynn OR Manafort OR Cohen AND lastPublishDateTime:>2014-02-01T00:00:00Z AND lastPublishDateTime:<2014-03-02T00:00:00Z,e86d493e-95cf-11e3-9fd6-00144feab7de
29,Mueller OR Flynn OR Manafort OR Cohen AND lastPublishDateTime:>2014-02-01T00:00:00Z AND lastPublishDateTime:<2014-03-02T00:00:00Z,3c13284a-943d-11e3-bf0c-00144feab7de
30,Mueller OR Flynn OR Manafort OR Cohen AND lastPublishDateTime:>2014-02-01T00:00:00Z AND lastPublishDateTime:<2014-03-02T00:00:00Z,dec4f962-949a-11e3-9146-00144feab7de
31,Mueller OR Flynn OR Manafort OR Cohen AND lastPublishDateTime:>2014-02-01T00:00:00Z AND lastPublishDateTime:<2014-03-02T00:00:00Z,974bbd2e-9007-11e3-aee9-00144feab7de
32,Mueller OR Flynn OR Manafort OR Cohen AND lastPublishDateTime:>2014-02-01T00:00:00Z AND lastPublishDateTime:<2014-03-02T00:00:00Z,2e829488-951c-11e3-a8ac-00144feab7de
33,Mueller OR Flynn OR Manafort OR Cohen AND lastPublishDateTime:>2014-02-01T00:00:00Z AND lastPublishDateTime:<2014-03-02T00:00:00Z,78f84a72-94d0-11e3-af71-00144feab7de
34,Mueller OR Flynn OR Manafort OR Cohen AND lastPublishDateTime:>2014-02-01T00:00:00Z AND lastPublishDateTime:<2014-03-02T00:00:00Z,08189e4c-9025-11e3-a776-00144feab7de
35,Mueller OR Flynn OR Manafort OR Cohen AND lastPublishDateTime:>2014-02-01T00:00:00Z AND lastPublishDateTime:<2014-03-02T00:00:00Z,d17ddb0a-9307-11e3-8ea7-00144feab7de
36,Mueller OR Flynn OR Manafort OR Cohen AND lastPublishDateTime:>2014-02-01T00:00:00Z AND lastPublishDateTime:<2014-03-02T00:00:00Z,7678f538-883e-11e3-8afa-00144feab7de
37,Mueller OR Flynn OR Manafort OR Cohen AND lastPublishDateTime:>2014-02-01T00:00:00Z AND lastPublishDateTime:<2014-03-02T00:00:00Z,944bbdd6-92f5-11e3-b07c-00144feab7de
38,Mueller OR Flynn OR Manafort OR Cohen AND lastPublishDateTime:>2014-02-01T00:00:00Z AND lastPublishDateTime:<2014-03-02T00:00:00Z,d4476404-8e7b-11e3-b6f1-00144feab7de
39,Mueller OR Flynn OR Manafort OR Cohen AND lastPublishDateTime:>2014-02-01T00:00:00Z AND lastPublishDateTime:<2014-03-02T00:00:00Z,34f9577c-8c82-11e3-bcf2-00144feab7de
40,Mueller OR Flynn OR Manafort OR Cohen AND lastPublishDateTime:>2014-02-01T00:00:00Z AND lastPublishDateTime:<2014-03-02T00:00:00Z,f77bd75e-8dd9-11e3-ba55-00144feab7de
41,Mueller OR Flynn OR Manafort OR Cohen AND lastPublishDateTime:>2014-02-01T00:00:00Z AND lastPublishDateTime:<2014-03-02T00:00:00Z,b338afba-8f21-11e3-9cb0-00144feab7de
42,Mueller OR Flynn OR Manafort OR Cohen AND lastPublishDateTime:>2014-02-01T00:00:00Z AND lastPublishDateTime:<2014-03-02T00:00:00Z,4e10541e-f4ba-11e2-a62e-00144feabdc0
43,Mueller OR Flynn OR Manafort OR Cohen AND lastPublishDateTime:>2014-02-01T00:00:00Z AND lastPublishDateTime:<2014-03-02T00:00:00Z,23450cfc-8f47-11e3-9cb0-00144feab7de
44,Mueller OR Flynn OR Manafort OR Cohen AND lastPublishDateTime:>2014-02-01T00:00:00Z AND lastPublishDateTime:<2014-03-02T00:00:00Z,a8e4ac3a-8f21-11e3-be85-00144feab7de
45,Mueller OR Flynn OR Manafort OR Cohen AND lastPublishDateTime:>2014-02-01T00:00:00Z AND lastPublishDateTime:<2014-03-02T00:00:00Z,8ddeb5bc-6293-11e3-bba5-00144feabdc0
46,Mueller OR Flynn OR Manafort OR Cohen AND lastPublishDateTime:>2014-02-01T00:00:00Z AND lastPublishDateTime:<2014-03-02T00:00:00Z,e8adf400-8cfd-11e3-8b82-00144feab7de
47,Mueller OR Flynn OR Manafort OR Cohen AND lastPublishDateTime:>2014-02-01T00:00:00Z AND lastPublishDateTime:<2014-03-02T00:00:00Z,eb516d6c-8cf9-11e3-8b82-00144feab7de
48,Mueller OR Flynn OR Manafort OR Cohen AND lastPublishDateTime:>2014-02-01T00:00:00Z AND lastPublishDateTime:<2014-03-02T00:00:00Z,ca8c5c9a-8aa6-11e3-9465-00144feab7de
49,Mueller OR Flynn OR Manafort OR Cohen AND lastPublishDateTime:>2014-02-01T00:00:00Z AND lastPublishDateTime:<2014-03-02T00:00:00Z,b84d168c-8826-11e3-a926-00144feab7de
50,Mueller OR Flynn OR Manafort OR Cohen AND lastPublishDateTime:>2014-03-01T00:00:00Z AND lastPublishDateTime:<2014-04-02T00:00:00Z,03a3ffaa-b9a6-11e3-b74f-00144feabdc0
51,Mueller OR Flynn OR Manafort OR Cohen AND lastPublishDateTime:>2014-03-01T00:00:00Z AND lastPublishDateTime:<2014-04-02T00:00:00Z,67f73d56-b90a-11e3-a189-00144feabdc0
52,Mueller OR Flynn OR Manafort OR Cohen AND lastPublishDateTime:>2014-03-01T00:00:00Z AND lastPublishDateTime:<2014-04-02T00:00:00Z,884e2a3e-b693-11e3-b230-00144feabdc0
53,Mueller OR Flynn OR Manafort OR Cohen AND lastPublishDateTime:>2014-03-01T00:00:00Z AND lastPublishDateTime:<2014-04-02T00:00:00Z,907c1262-b598-11e3-a1bd-00144feabdc0
54,Mueller OR Flynn OR Manafort OR Cohen AND lastPublishDateTime:>2014-03-01T00:00:00Z AND lastPublishDateTime:<2014-04-02T00:00:00Z,89b7f6e2-b504-11e3-a746-00144feabdc0
55,Mueller OR Flynn OR Manafort OR Cohen AND lastPublishDateTime:>2014-03-01T00:00:00Z AND lastPublishDateTime:<2014-04-02T00:00:00Z,04896594-b506-11e3-a746-00144feabdc0
56,Mueller OR Flynn OR Manafort OR Cohen AND lastPublishDateTime:>2014-03-01T00:00:00Z AND lastPublishDateTime:<2014-04-02T00:00:00Z,6367c146-b50b-11e3-a746-00144feabdc0
57,Mueller OR Flynn OR Manafort OR Cohen AND lastPublishDateTime:>2014-03-01T00:00:00Z AND lastPublishDateTime:<2014-04-02T00:00:00Z,78a1046c-b143-11e3-9548-00144feab7de
58,Mueller OR Flynn OR Manafort OR Cohen AND lastPublishDateTime:>2014-03-01T00:00:00Z AND lastPublishDateTime:<2014-04-02T00:00:00Z,24d400f8-a92a-11e3-bf0c-00144feab7de
59,Mueller OR Flynn OR Manafort OR Cohen AND lastPublishDateTime:>2014-03-01T00:00:00Z AND lastPublishDateTime:<2014-04-02T00:00:00Z,a88c5bda-b0f9-11e3-bbd4-00144feab7de
60,Mueller OR Flynn OR Manafort OR Cohen AND lastPublishDateTime:>2014-03-01T00:00:00Z AND lastPublishDateTime:<2014-04-02T00:00:00Z,a2e65c58-b07c-11e3-8058-00144feab7de
61,Mueller OR Flynn OR Manafort OR Cohen AND lastPublishDateTime:>2014-03-01T00:00:00Z AND lastPublishDateTime:<2014-04-02T00:00:00Z,b730b628-b035-11e3-b0d0-00144feab7de
62,Mueller OR Flynn OR Manafort OR Cohen AND lastPublishDateTime:>2014-03-01T00:00:00Z AND lastPublishDateTime:<2014-04-02T00:00:00Z,98dbbda0-b010-11e3-b0d0-00144feab7de
63,Mueller OR Flynn OR Manafort OR Cohen AND lastPublishDateTime:>2014-03-01T00:00:00Z AND lastPublishDateTime:<2014-04-02T00:00:00Z,a6ea8d26-b048-11e3-8efc-00144feab7de
64,Mueller OR Flynn OR Manafort OR Cohen AND lastPublishDateTime:>2014-03-01T00:00:00Z AND lastPublishDateTime:<2014-04-02T00:00:00Z,51413272-af61-11e3-9cd1-00144feab7de
65,Mueller OR Flynn OR Manafort OR Cohen AND lastPublishDateTime:>2014-03-01T00:00:00Z AND lastPublishDateTime:<2014-04-02T00:00:00Z,6c610d6c-aec5-11e3-aaa6-00144feab7de
66,Mueller OR Flynn OR Manafort OR Cohen AND lastPublishDateTime:>2014-03-01T00:00:00Z AND lastPublishDateTime:<2014-04-02T00:00:00Z,d7fbff96-a3b2-11e3-aa85-00144feab7de
67,Mueller OR Flynn OR Manafort OR Cohen AND lastPublishDateTime:>2014-03-01T00:00:00Z AND lastPublishDateTime:<2014-04-02T00:00:00Z,bd1e729a-a7e4-11e3-9c7d-00144feab7de
68,Mueller OR Flynn OR Manafort OR Cohen AND lastPublishDateTime:>2014-03-01T00:00:00Z AND lastPublishDateTime:<2014-04-02T00:00:00Z,61422bf0-a9ed-11e3-8bd6-00144feab7de
69,Mueller OR Flynn OR Manafort OR Cohen AND lastPublishDateTime:>2014-03-01T00:00:00Z AND lastPublishDateTime:<2014-04-02T00:00:00Z,47bebdc4-aac9-11e3-83a2-00144feab7de
70,Mueller OR Flynn OR Manafort OR Cohen AND lastPublishDateTime:>2014-03-01T00:00:00Z AND lastPublishDateTime:<2014-04-02T00:00:00Z,870c5060-a3bf-11e3-aa85-00144feab7de
71,Mueller OR Flynn OR Manafort OR Cohen AND lastPublishDateTime:>2014-03-01T00:00:00Z AND lastPublishDateTime:<2014-04-02T00:00:00Z,afabb35e-a517-11e3-a7b4-00144feab7de
72,Mueller OR Flynn OR Manafort OR Cohen AND lastPublishDateTime:>2014-03-01T00:00:00Z AND lastPublishDateTime:<2014-04-02T00:00:00Z,6bd80bf2-a614-11e3-8a2a-00144feab7de
73,Mueller OR Flynn OR Manafort OR Cohen AND lastPublishDateTime:>2014-03-01T00:00:00Z AND lastPublishDateTime:<2014-04-02T00:00:00Z,36689670-a494-11e3-9313-00144feab7de
74,Mueller OR Flynn OR Manafort OR Cohen AND lastPublishDateTime:>2014-03-01T00:00:00Z AND lastPublishDateTime:<2014-04-02T00:00:00Z,a7983744-a2f3-11e3-ba21-00144feab7de
75,Mueller OR Flynn OR Manafort OR Cohen AND lastPublishDateTime:>2014-03-01T00:00:00Z AND lastPublishDateTime:<2014-04-02T00:00:00Z,3a8833b6-a230-11e3-87f6-00144feab7de
76,Mueller OR Flynn OR Manafort OR Cohen AND lastPublishDateTime:>2014-03-01T00:00:00Z AND lastPublishDateTime:<2014-04-02T00:00:00Z,7719385a-9fda-11e3-94f3-00144feab7de
77,Mueller OR Flynn OR Manafort OR Cohen AND lastPublishDateTime:>2014-03-01T00:00:00Z AND lastPublishDateTime:<2014-04-02T00:00:00Z,2f86b9fe-9dff-11e3-95fe-00144feab7de
78,Mueller OR Flynn OR Manafort OR Cohen AND lastPublishDateTime:>2014-04-01T00:00:00Z AND lastPublishDateTime:<2014-05-02T00:00:00Z,6547d678-cfb3-11e3-a2b7-00144feabdc0
79,Mueller OR Flynn OR Manafort OR Cohen AND lastPublishDateTime:>2014-04-01T00:00:00Z AND lastPublishDateTime:<2014-05-02T00:00:00Z,2b783bcc-cf04-11e3-9165-00144feabdc0
80,Mueller OR Flynn OR Manafort OR Cohen AND lastPublishDateTime:>2014-04-01T00:00:00Z AND lastPublishDateTime:<2014-05-02T00:00:00Z,36827086-cc49-11e3-bd33-00144feabdc0
81,Mueller OR Flynn OR Manafort OR Cohen AND lastPublishDateTime:>2014-04-01T00:00:00Z AND lastPublishDateTime:<2014-05-02T00:00:00Z,eca809cc-cc4c-11e3-bd33-00144feabdc0
82,Mueller OR Flynn OR Manafort OR Cohen AND lastPublishDateTime:>2014-04-01T00:00:00Z AND lastPublishDateTime:<2014-05-02T00:00:00Z,0e785716-be6d-11e3-a1bf-00144feabdc0
83,Mueller OR Flynn OR Manafort OR Cohen AND lastPublishDateTime:>2014-04-01T00:00:00Z AND lastPublishDateTime:<2014-05-02T00:00:00Z,21788c96-be6d-11e3-a1bf-00144feabdc0
84,Mueller OR Flynn OR Manafort OR Cohen AND lastPublishDateTime:>2014-04-01T00:00:00Z AND lastPublishDateTime:<2014-05-02T00:00:00Z,89d53306-cb84-11e3-8ccf-00144feabdc0
85,Mueller OR Flynn OR Manafort OR Cohen AND lastPublishDateTime:>2014-04-01T00:00:00Z AND lastPublishDateTime:<2014-05-02T00:00:00Z,5c9832ee-cb7f-11e3-8ccf-00144feabdc0
86,Mueller OR Flynn OR Manafort OR Cohen AND lastPublishDateTime:>2014-04-01T00:00:00Z AND lastPublishDateTime:<2014-05-02T00:00:00Z,b78ffe52-cada-11e3-9c6a-00144feabdc0
87,Mueller OR Flynn OR Manafort OR Cohen AND lastPublishDateTime:>2014-04-01T00:00:00Z AND lastPublishDateTime:<2014-05-02T00:00:00Z,54724fac-cab5-11e3-9c6a-00144feabdc0
88,Mueller OR Flynn OR Manafort OR Cohen AND lastPublishDateTime:>2014-04-01T00:00:00Z AND lastPublishDateTime:<2014-05-02T00:00:00Z,15ad48ec-ca8f-11e3-bb92-00144feabdc0
89,Mueller OR Flynn OR Manafort OR Cohen AND lastPublishDateTime:>2014-04-01T00:00:00Z AND lastPublishDateTime:<2014-05-02T00:00:00Z,2bc1c1c0-c9e6-11e3-ac05-00144feabdc0
90,Mueller OR Flynn OR Manafort OR Cohen AND lastPublishDateTime:>2014-04-01T00:00:00Z AND lastPublishDateTime:<2014-05-02T00:00:00Z,4621777c-c8a1-11e3-8976-00144feabdc0
91,Mueller OR Flynn OR Manafort OR Cohen AND lastPublishDateTime:>2014-04-01T00:00:00Z AND lastPublishDateTime:<2014-05-02T00:00:00Z,61162aae-c64f-11e3-9839-00144feabdc0
92,Mueller OR Flynn OR Manafort OR Cohen AND lastPublishDateTime:>2014-04-01T00:00:00Z AND lastPublishDateTime:<2014-05-02T00:00:00Z,63644d14-c63f-11e3-9839-00144feabdc0
93,Mueller OR Flynn OR Manafort OR Cohen AND lastPublishDateTime:>2014-04-01T00:00:00Z AND lastPublishDateTime:<2014-05-02T00:00:00Z,3987b752-c611-11e3-ba0e-00144feabdc0
94,Mueller OR Flynn OR Manafort OR Cohen AND lastPublishDateTime:>2014-04-01T00:00:00Z AND lastPublishDateTime:<2014-05-02T00:00:00Z,71482512-c546-11e3-a7d4-00144feabdc0
95,Mueller OR Flynn OR Manafort OR Cohen AND lastPublishDateTime:>2014-04-01T00:00:00Z AND lastPublishDateTime:<2014-05-02T00:00:00Z,73db604e-c3ef-11e3-b2c3-00144feabdc0
96,Mueller OR Flynn OR Manafort OR Cohen AND lastPublishDateTime:>2014-04-01T00:00:00Z AND lastPublishDateTime:<2014-05-02T00:00:00Z,3052b4a6-c0d6-11e3-bd6b-00144feabdc0
97,Mueller OR Flynn OR Manafort OR Cohen AND lastPublishDateTime:>2014-04-01T00:00:00Z AND lastPublishDateTime:<2014-05-02T00:00:00Z,5e31ea34-a517-11e3-8988-00144feab7de
98,Mueller OR Flynn OR Manafort OR Cohen AND lastPublishDateTime:>2014-04-01T00:00:00Z AND lastPublishDateTime:<2014-05-02T00:00:00Z,3e6859d6-c0dd-11e3-bd6b-00144feabdc0
99,Mueller OR Flynn OR Manafort OR Cohen AND lastPublishDateTime:>2014-04-01T00:00:00Z AND lastPublishDateTime:<2014-05-02T00:00:00Z,2de72424-c0c0-11e3-8578-00144feabdc0
100,Mueller OR Flynn OR Manafort OR Cohen AND lastPublishDateTime:>2014-04-01T00:00:00Z AND lastPublishDateTime:<2014-05-02T00:00:00Z,f3b0559c-bffb-11e3-bfbc-00144feabdc0
101,Mueller OR Flynn OR Manafort OR Cohen AND lastPublishDateTime:>2014-04-01T00:00:00Z AND lastPublishDateTime:<2014-05-02T00:00:00Z,1931611e-c004-11e3-bfbc-00144feabdc0
102,Mueller OR Flynn OR Manafort OR Cohen AND lastPublishDateTime:>2014-04-01T00:00:00Z AND lastPublishDateTime:<2014-05-02T00:00:00Z,9ff30d5c-be7d-11e3-a1bf-00144feabdc0
103,Mueller OR Flynn OR Manafort OR Cohen AND lastPublishDateTime:>2014-04-01T00:00:00Z AND lastPublishDateTime:<2014-05-02T00:00:00Z,c3f7a5a2-bf25-11e3-a4af-00144feabdc0
104,Mueller OR Flynn OR Manafort OR Cohen AND lastPublishDateTime:>2014-04-01T00:00:00Z AND lastPublishDateTime:<2014-05-02T00:00:00Z,c0a0f348-bf27-11e3-8683-00144feabdc0
105,Mueller OR Flynn OR Manafort OR Cohen AND lastPublishDateTime:>2014-04-01T00:00:00Z AND lastPublishDateTime:<2014-05-02T00:00:00Z,59192b0c-b994-11e3-b74f-00144feabdc0
106,Mueller OR Flynn OR Manafort OR Cohen AND lastPublishDateTime:>2014-04-01T00:00:00Z AND lastPublishDateTime:<2014-05-02T00:00:00Z,46b220e4-ba58-11e3-8b15-00144feabdc0
107,Mueller OR Flynn OR Manafort OR Cohen AND lastPublishDateTime:>2014-04-01T00:00:00Z AND lastPublishDateTime:<2014-05-02T00:00:00Z,c80f3c0a-ba7e-11e3-a905-00144feabdc0
108,Mueller OR Flynn OR Manafort OR Cohen AND lastPublishDateTime:>2014-04-01T00:00:00Z AND lastPublishDateTime:<2014-05-02T00:00:00Z,03a3ffaa-b9a6-11e3-b74f-00144feabdc0
109,Mueller OR Flynn OR Manafort OR Cohen AND lastPublishDateTime:>2014-05-01T00:00:00Z AND lastPublishDateTime:<2014-06-02T00:00:00Z,4815483e-e98e-11e3-99ed-00144feabdc0
110,Mueller OR Flynn OR Manafort OR Cohen AND lastPublishDateTime:>2014-05-01T00:00:00Z AND lastPublishDateTime:<2014-06-02T00:00:00Z,0752b3da-e804-11e3-b923-00144feabdc0
111,Mueller OR Flynn OR Manafort OR Cohen AND lastPublishDateTime:>2014-05-01T00:00:00Z AND lastPublishDateTime:<2014-06-02T00:00:00Z,4516602c-e025-11e3-b709-00144feabdc0
112,Mueller OR Flynn OR Manafort OR Cohen AND lastPublishDateTime:>2014-05-01T00:00:00Z AND lastPublishDateTime:<2014-06-02T00:00:00Z,32313e8e-dd17-11e3-8546-00144feabdc0
113,Mueller OR Flynn OR Manafort OR Cohen AND lastPublishDateTime:>2014-05-01T00:00:00Z AND lastPublishDateTime:<2014-06-02T00:00:00Z,9e7b1e70-db7d-11e3-b112-00144feabdc0
114,Mueller OR Flynn OR Manafort OR Cohen AND lastPublishDateTime:>2014-05-01T00:00:00Z AND lastPublishDateTime:<2014-06-02T00:00:00Z,381f86bc-dc30-11e3-a33d-00144feabdc0
115,Mueller OR Flynn OR Manafort OR Cohen AND lastPublishDateTime:>2014-05-01T00:00:00Z AND lastPublishDateTime:<2014-06-02T00:00:00Z,eea28218-db7c-11e3-b112-00144feabdc0
116,Mueller OR Flynn OR Manafort OR Cohen AND lastPublishDateTime:>2014-05-01T00:00:00Z AND lastPublishDateTime:<2014-06-02T00:00:00Z,eca480e0-d917-11e3-837f-00144feabdc0
117,Mueller OR Flynn OR Manafort OR Cohen AND lastPublishDateTime:>2014-05-01T00:00:00Z AND lastPublishDateTime:<2014-06-02T00:00:00Z,83e39226-d6c9-11e3-907c-00144feabdc0
118,Mueller OR Flynn OR Manafort OR Cohen AND lastPublishDateTime:>2014-05-01T00:00:00Z AND lastPublishDateTime:<2014-06-02T00:00:00Z,d2b8fe14-d047-11e3-8b90-00144feabdc0
119,Mueller OR Flynn OR Manafort OR Cohen AND lastPublishDateTime:>2014-05-01T00:00:00Z AND lastPublishDateTime:<2014-06-02T00:00:00Z,c9d16344-d534-11e3-adec-00144feabdc0
120,Mueller OR Flynn OR Manafort OR Cohen AND lastPublishDateTime:>2014-05-01T00:00:00Z AND lastPublishDateTime:<2014-06-02T00:00:00Z,7b350ef8-d51a-11e3-9187-00144feabdc0
121,Mueller OR Flynn OR Manafort OR Cohen AND lastPublishDateTime:>2014-05-01T00:00:00Z AND lastPublishDateTime:<2014-06-02T00:00:00Z,a9b46e9a-d141-11e3-81e0-00144feabdc0
122,Mueller OR Flynn OR Manafort OR Cohen AND lastPublishDateTime:>2014-05-01T00:00:00Z AND lastPublishDateTime:<2014-06-02T00:00:00Z,d8704b1a-d1fe-11e3-8ff4-00144feabdc0
123,Mueller OR Flynn OR Manafort OR Cohen AND lastPublishDateTime:>2014-06-01T00:00:00Z AND lastPublishDateTime:<2014-07-02T00:00:00Z,db969fd8-006b-11e4-a3f2-00144feab7de
124,Mueller OR Flynn OR Manafort OR Cohen AND lastPublishDateTime:>2014-06-01T00:00:00Z AND lastPublishDateTime:<2014-07-02T00:00:00Z,a4a9ba98-fda8-11e3-96a9-00144feab7de
125,Mueller OR Flynn OR Manafort OR Cohen AND lastPublishDateTime:>2014-06-01T00:00:00Z AND lastPublishDateTime:<2014-07-02T00:00:00Z,f4f417ce-fe15-11e3-bd0e-00144feab7de
126,Mueller OR Flynn OR Manafort OR Cohen AND lastPublishDateTime:>2014-06-01T00:00:00Z AND lastPublishDateTime:<2014-07-02T00:00:00Z,6091a9a4-fe04-11e3-bd0e-00144feab7de
127,Mueller OR Flynn OR Manafort OR Cohen AND lastPublishDateTime:>2014-06-01T00:00:00Z AND lastPublishDateTime:<2014-07-02T00:00:00Z,93e5542e-fdbc-11e3-bd0e-00144feab7de
128,Mueller OR Flynn OR Manafort OR Cohen AND lastPublishDateTime:>2014-06-01T00:00:00Z AND lastPublishDateTime:<2014-07-02T00:00:00Z,6a7e6e10-fdab-11e3-96a9-00144feab7de
129,Mueller OR Flynn OR Manafort OR Cohen AND lastPublishDateTime:>2014-06-01T00:00:00Z AND lastPublishDateTime:<2014-07-02T00:00:00Z,cf75452c-f631-11e3-a038-00144feabdc0
130,Mueller OR Flynn OR Manafort OR Cohen AND lastPublishDateTime:>2014-06-01T00:00:00Z AND lastPublishDateTime:<2014-07-02T00:00:00Z,cbf72e3c-fd4e-11e3-bc93-00144feab7de
131,Mueller OR Flynn OR Manafort OR Cohen AND lastPublishDateTime:>2014-06-01T00:00:00Z AND lastPublishDateTime:<2014-07-02T00:00:00Z,b8326fce-fc72-11e3-98b8-00144feab7de
132,Mueller OR Flynn OR Manafort OR Cohen AND lastPublishDateTime:>2014-06-01T00:00:00Z AND lastPublishDateTime:<2014-07-02T00:00:00Z,543dc0da-fc91-11e3-81f5-00144feab7de
133,Mueller OR Flynn OR Manafort OR Cohen AND lastPublishDateTime:>2014-06-01T00:00:00Z AND lastPublishDateTime:<2014-07-02T00:00:00Z,a9959112-fb14-11e3-a9cd-00144feab7de
134,Mueller OR Flynn OR Manafort OR Cohen AND lastPublishDateTime:>2014-06-01T00:00:00Z AND lastPublishDateTime:<2014-07-02T00:00:00Z,78e4c02c-f896-11e3-befc-00144feabdc0
135,Mueller OR Flynn OR Manafort OR Cohen AND lastPublishDateTime:>2014-06-01T00:00:00Z AND lastPublishDateTime:<2014-07-02T00:00:00Z,87d07a10-f73b-11e3-9e9d-00144feabdc0
136,Mueller OR Flynn OR Manafort OR Cohen AND lastPublishDateTime:>2014-06-01T00:00:00Z AND lastPublishDateTime:<2014-07-02T00:00:00Z,95dcdeaa-f66e-11e3-902a-00144feabdc0
137,Mueller OR Flynn OR Manafort OR Cohen AND lastPublishDateTime:>2014-06-01T00:00:00Z AND lastPublishDateTime:<2014-07-02T00:00:00Z,282139ca-f262-11e3-9e59-00144feabdc0
138,Mueller OR Flynn OR Manafort OR Cohen AND lastPublishDateTime:>2014-06-01T00:00:00Z AND lastPublishDateTime:<2014-07-02T00:00:00Z,7131b89a-f179-11e3-a2da-00144feabdc0
139,Mueller OR Flynn OR Manafort OR Cohen AND lastPublishDateTime:>2014-06-01T00:00:00Z AND lastPublishDateTime:<2014-07-02T00:00:00Z,19becba0-f310-11e3-91d8-00144feabdc0
140,Mueller OR Flynn OR Manafort OR Cohen AND lastPublishDateTime:>2014-06-01T00:00:00Z AND lastPublishDateTime:<2014-07-02T00:00:00Z,4e36fe10-ec8b-11e3-8963-00144feabdc0
141,Mueller OR Flynn OR Manafort OR Cohen AND lastPublishDateTime:>2014-06-01T00:00:00Z AND lastPublishDateTime:<2014-07-02T00:00:00Z,1750220c-dc30-11e3-8511-00144feabdc0
142,Mueller OR Flynn OR Manafort OR Cohen AND lastPublishDateTime:>2014-06-01T00:00:00Z AND lastPublishDateTime:<2014-07-02T00:00:00Z,5dfc402a-ebdd-11e3-8cef-00144feabdc0
143,Mueller OR Flynn OR Manafort OR Cohen AND lastPublishDateTime:>2014-06-01T00:00:00Z AND lastPublishDateTime:<2014-07-02T00:00:00Z,50d87874-eb3c-11e3-bab6-00144feabdc0
144,Mueller OR Flynn OR Manafort OR Cohen AND lastPublishDateTime:>2014-06-01T00:00:00Z AND lastPublishDateTime:<2014-07-02T00:00:00Z,d6ee928a-ebfb-11e3-a9e3-00144feabdc0
145,Mueller OR Flynn OR Manafort OR Cohen AND lastPublishDateTime:>2014-06-01T00:00:00Z AND lastPublishDateTime:<2014-07-02T00:00:00Z,8fdd8bac-ebc0-11e3-8cef-00144feabdc0
146,Mueller OR Flynn OR Manafort OR Cohen AND lastPublishDateTime:>2014-06-01T00:00:00Z AND lastPublishDateTime:<2014-07-02T00:00:00Z,4815483e-e98e-11e3-99ed-00144feabdc0
147,Mueller OR Flynn OR Manafort OR Cohen AND lastPublishDateTime:>2014-07-01T00:00:00Z AND lastPublishDateTime:<2014-08-02T00:00:00Z,e57327cc-1986-11e4-9745-00144feabdc0
148,Mueller OR Flynn OR Manafort OR Cohen AND lastPublishDateTime:>2014-07-01T00:00:00Z AND lastPublishDateTime:<2014-08-02T00:00:00Z,5d7c8016-1832-11e4-a6e4-00144feabdc0
149,Mueller OR Flynn OR Manafort OR Cohen AND lastPublishDateTime:>2014-07-01T00:00:00Z AND lastPublishDateTime:<2014-08-02T00:00:00Z,10007ae4-1676-11e4-8210-00144feabdc0
150,Mueller OR Flynn OR Manafort OR Cohen AND lastPublishDateTime:>2014-07-01T00:00:00Z AND lastPublishDateTime:<2014-08-02T00:00:00Z,9b6b29ba-11b9-11e4-8279-00144feabdc0
151,Mueller OR Flynn OR Manafort OR Cohen AND lastPublishDateTime:>2014-07-01T00:00:00Z AND lastPublishDateTime:<2014-08-02T00:00:00Z,cc78fb04-10b0-11e4-812b-00144feabdc0
152,Mueller OR Flynn OR Manafort OR Cohen AND lastPublishDateTime:>2014-07-01T00:00:00Z AND lastPublishDateTime:<2014-08-02T00:00:00Z,e73ce352-0de9-11e4-b149-00144feabdc0
153,Mueller OR Flynn OR Manafort OR Cohen AND lastPublishDateTime:>2014-07-01T00:00:00Z AND lastPublishDateTime:<2014-08-02T00:00:00Z,98dbe1a6-0d1a-11e4-bcb2-00144feabdc0
154,Mueller OR Flynn OR Manafort OR Cohen AND lastPublishDateTime:>2014-07-01T00:00:00Z AND lastPublishDateTime:<2014-08-02T00:00:00Z,024224f6-0c5e-11e4-943b-00144feabdc0
155,Mueller OR Flynn OR Manafort OR Cohen AND lastPublishDateTime:>2014-07-01T00:00:00Z AND lastPublishDateTime:<2014-08-02T00:00:00Z,06d61760-0921-11e4-906e-00144feab7de
156,Mueller OR Flynn OR Manafort OR Cohen AND lastPublishDateTime:>2014-07-01T00:00:00Z AND lastPublishDateTime:<2014-08-02T00:00:00Z,e1be9758-0854-11e4-9380-00144feab7de
157,Mueller OR Flynn OR Manafort OR Cohen AND lastPublishDateTime:>2014-07-01T00:00:00Z AND lastPublishDateTime:<2014-08-02T00:00:00Z,f5721f9e-06d4-11e4-b0d3-00144feab7de
158,Mueller OR Flynn OR Manafort OR Cohen AND lastPublishDateTime:>2014-07-01T00:00:00Z AND lastPublishDateTime:<2014-08-02T00:00:00Z,91d41d98-0382-11e4-9195-00144feab7de
159,Mueller OR Flynn OR Manafort OR Cohen AND lastPublishDateTime:>2014-08-01T00:00:00Z AND lastPublishDateTime:<2014-09-02T00:00:00Z,42521bf8-2d3f-11e4-8105-00144feabdc0
160,Mueller OR Flynn OR Manafort OR Cohen AND lastPublishDateTime:>2014-08-01T00:00:00Z AND lastPublishDateTime:<2014-09-02T00:00:00Z,4d24f1b8-2d2b-11e4-911b-00144feabdc0
161,Mueller OR Flynn OR Manafort OR Cohen AND lastPublishDateTime:>2014-08-01T00:00:00Z AND lastPublishDateTime:<2014-09-02T00:00:00Z,2598c610-2718-11e4-bc19-00144feabdc0
162,Mueller OR Flynn OR Manafort OR Cohen AND lastPublishDateTime:>2014-08-01T00:00:00Z AND lastPublishDateTime:<2014-09-02T00:00:00Z,f3f786f2-235f-11e4-a424-00144feabdc0
163,Mueller OR Flynn OR Manafort OR Cohen AND lastPublishDateTime:>2014-08-01T00:00:00Z AND lastPublishDateTime:<2014-09-02T00:00:00Z,da6c5648-2307-11e4-a424-00144feabdc0
164,Mueller OR Flynn OR Manafort OR Cohen AND lastPublishDateTime:>2014-08-01T00:00:00Z AND lastPublishDateTime:<2014-09-02T00:00:00Z,2b2e3ce4-22f0-11e4-9dc4-00144feabdc0
165,Mueller OR Flynn OR Manafort OR Cohen AND lastPublishDateTime:>2014-08-01T00:00:00Z AND lastPublishDateTime:<2014-09-02T00:00:00Z,3ff3a42a-229b-11e4-9d4a-00144feabdc0
166,Mueller OR Flynn OR Manafort OR Cohen AND lastPublishDateTime:>2014-08-01T00:00:00Z AND lastPublishDateTime:<2014-09-02T00:00:00Z,8510eb42-2171-11e4-b145-00144feabdc0
167,Mueller OR Flynn OR Manafort OR Cohen AND lastPublishDateTime:>2014-08-01T00:00:00Z AND lastPublishDateTime:<2014-09-02T00:00:00Z,089649a8-2226-11e4-ad60-00144feabdc0
168,Mueller OR Flynn OR Manafort OR Cohen AND lastPublishDateTime:>2014-08-01T00:00:00Z AND lastPublishDateTime:<2014-09-02T00:00:00Z,b7a00f7a-21d0-11e4-a958-00144feabdc0
169,Mueller OR Flynn OR Manafort OR Cohen AND lastPublishDateTime:>2014-08-01T00:00:00Z AND lastPublishDateTime:<2014-09-02T00:00:00Z,0f017e46-2101-11e4-b8f4-00144feabdc0
170,Mueller OR Flynn OR Manafort OR Cohen AND lastPublishDateTime:>2014-08-01T00:00:00Z AND lastPublishDateTime:<2014-09-02T00:00:00Z,1ba98a44-1d69-11e4-8b03-00144feabdc0
171,Mueller OR Flynn OR Manafort OR Cohen AND lastPublishDateTime:>2014-08-01T00:00:00Z AND lastPublishDateTime:<2014-09-02T00:00:00Z,7e4b7a64-1ef3-11e4-9d7d-00144feabdc0
172,Mueller OR Flynn OR Manafort OR Cohen AND lastPublishDateTime:>2014-08-01T00:00:00Z AND lastPublishDateTime:<2014-09-02T00:00:00Z,7586d042-1e74-11e4-ab52-00144feabdc0
173,Mueller OR Flynn OR Manafort OR Cohen AND lastPublishDateTime:>2014-08-01T00:00:00Z AND lastPublishDateTime:<2014-09-02T00:00:00Z,fd9511e0-1e53-11e4-9513-00144feabdc0
174,Mueller OR Flynn OR Manafort OR Cohen AND lastPublishDateTime:>2014-08-01T00:00:00Z AND lastPublishDateTime:<2014-09-02T00:00:00Z,e4c12a24-1e43-11e4-9513-00144feabdc0
175,Mueller OR Flynn OR Manafort OR Cohen AND lastPublishDateTime:>2014-08-01T00:00:00Z AND lastPublishDateTime:<2014-09-02T00:00:00Z,2e25669c-1e46-11e4-9513-00144feabdc0
176,Mueller OR Flynn OR Manafort OR Cohen AND lastPublishDateTime:>2014-08-01T00:00:00Z AND lastPublishDateTime:<2014-09-02T00:00:00Z,7d63dcb2-1e18-11e4-ab52-00144feabdc0
177,Mueller OR Flynn OR Manafort OR Cohen AND lastPublishDateTime:>2014-08-01T00:00:00Z AND lastPublishDateTime:<2014-09-02T00:00:00Z,e57327cc-1986-11e4-9745-00144feabdc0
178,Mueller OR Flynn OR Manafort OR Cohen AND lastPublishDateTime:>2014-09-01T00:00:00Z AND lastPublishDateTime:<2014-10-02T00:00:00Z,4adcdb56-4986-11e4-80fb-00144feab7de
179,Mueller OR Flynn OR Manafort OR Cohen AND lastPublishDateTime:>2014-09-01T00:00:00Z AND lastPublishDateTime:<2014-10-02T00:00:00Z,b388de4c-174b-11e4-87c0-00144feabdc0
180,Mueller OR Flynn OR Manafort OR Cohen AND lastPublishDateTime:>2014-09-01T00:00:00Z AND lastPublishDateTime:<2014-10-02T00:00:00Z,905f0474-487d-11e4-9d04-00144feab7de
181,Mueller OR Flynn OR Manafort OR Cohen AND lastPublishDateTime:>2014-09-01T00:00:00Z AND lastPublishDateTime:<2014-10-02T00:00:00Z,128a97f4-42bd-11e4-9818-00144feabdc0
182,Mueller OR Flynn OR Manafort OR Cohen AND lastPublishDateTime:>2014-09-01T00:00:00Z AND lastPublishDateTime:<2014-10-02T00:00:00Z,50ad6a98-4718-11e4-8c50-00144feab7de
183,Mueller OR Flynn OR Manafort OR Cohen AND lastPublishDateTime:>2014-09-01T00:00:00Z AND lastPublishDateTime:<2014-10-02T00:00:00Z,95c3f810-4306-11e4-8a43-00144feabdc0
184,Mueller OR Flynn OR Manafort OR Cohen AND lastPublishDateTime:>2014-09-01T00:00:00Z AND lastPublishDateTime:<2014-10-02T00:00:00Z,5904dcd8-4201-11e4-a7b3-00144feabdc0
185,Mueller OR Flynn OR Manafort OR Cohen AND lastPublishDateTime:>2014-09-01T00:00:00Z AND lastPublishDateTime:<2014-10-02T00:00:00Z,f7881704-4269-11e4-9818-00144feabdc0
186,Mueller OR Flynn OR Manafort OR Cohen AND lastPublishDateTime:>2014-09-01T00:00:00Z AND lastPublishDateTime:<2014-10-02T00:00:00Z,702f40bc-3df9-11e4-b175-00144feabdc0
187,Mueller OR Flynn OR Manafort OR Cohen AND lastPublishDateTime:>2014-09-01T00:00:00Z AND lastPublishDateTime:<2014-10-02T00:00:00Z,d695abfc-3f1b-11e4-a861-00144feabdc0
188,Mueller OR Flynn OR Manafort OR Cohen AND lastPublishDateTime:>2014-09-01T00:00:00Z AND lastPublishDateTime:<2014-10-02T00:00:00Z,5b1c3de4-39ba-11e4-93da-00144feabdc0
189,Mueller OR Flynn OR Manafort OR Cohen AND lastPublishDateTime:>2014-09-01T00:00:00Z AND lastPublishDateTime:<2014-10-02T00:00:00Z,4ac99bc6-3bf9-11e4-a6ce-00144feabdc0
190,Mueller OR Flynn OR Manafort OR Cohen AND lastPublishDateTime:>2014-09-01T00:00:00Z AND lastPublishDateTime:<2014-10-02T00:00:00Z,bbcd03f6-3a89-11e4-bd08-00144feabdc0
191,Mueller OR Flynn OR Manafort OR Cohen AND lastPublishDateTime:>2014-09-01T00:00:00Z AND lastPublishDateTime:<2014-10-02T00:00:00Z,8d0cab44-38df-11e4-9526-00144feabdc0
192,Mueller OR Flynn OR Manafort OR Cohen AND lastPublishDateTime:>2014-09-01T00:00:00Z AND lastPublishDateTime:<2014-10-02T00:00:00Z,0c16762e-3a5a-11e4-8ee4-00144feabdc0
193,Mueller OR Flynn OR Manafort OR Cohen AND lastPublishDateTime:>2014-09-01T00:00:00Z AND lastPublishDateTime:<2014-10-02T00:00:00Z,96b1eb80-3936-11e4-9526-00144feabdc0
194,Mueller OR Flynn OR Manafort OR Cohen AND lastPublishDateTime:>2014-09-01T00:00:00Z AND lastPublishDateTime:<2014-10-02T00:00:00Z,9dcd2b06-38ea-11e4-9526-00144feabdc0
195,Mueller OR Flynn OR Manafort OR Cohen AND lastPublishDateTime:>2014-09-01T00:00:00Z AND lastPublishDateTime:<2014-10-02T00:00:00Z,cf43983c-3813-11e4-b69d-00144feabdc0
196,Mueller OR Flynn OR Manafort OR Cohen AND lastPublishDateTime:>2014-09-01T00:00:00Z AND lastPublishDateTime:<2014-10-02T00:00:00Z,6b4db6ee-378e-11e4-971c-00144feabdc0
197,Mueller OR Flynn OR Manafort OR Cohen AND lastPublishDateTime:>2014-09-01T00:00:00Z AND lastPublishDateTime:<2014-10-02T00:00:00Z,016a237e-2f6f-11e4-83e4-00144feabdc0
198,Mueller OR Flynn OR Manafort OR Cohen AND lastPublishDateTime:>2014-09-01T00:00:00Z AND lastPublishDateTime:<2014-10-02T00:00:00Z,4ec991ee-34ed-11e4-ba5d-00144feabdc0
199,Mueller OR Flynn OR Manafort OR Cohen AND lastPublishDateTime:>2014-09-01T00:00:00Z AND lastPublishDateTime:<2014-10-02T00:00:00Z,b5fc8306-350d-11e4-aa47-00144feabdc0
200,Mueller OR Flynn OR Manafort OR Cohen AND lastPublishDateTime:>2014-09-01T00:00:00Z AND lastPublishDateTime:<2014-10-02T00:00:00Z,91cc7832-02c8-11e4-a68d-00144feab7de
201,Mueller OR Flynn OR Manafort OR Cohen AND lastPublishDateTime:>2014-10-01T00:00:00Z AND lastPublishDateTime:<2014-11-02T00:00:00Z,28f05196-5d75-11e4-9753-00144feabdc0
202,Mueller OR Flynn OR Manafort OR Cohen AND lastPublishDateTime:>2014-10-01T00:00:00Z AND lastPublishDateTime:<2014-11-02T00:00:00Z,47f49f5c-ebec-11e3-ab1b-00144feabdc0
203,Mueller OR Flynn OR Manafort OR Cohen AND lastPublishDateTime:>2014-10-01T00:00:00Z AND lastPublishDateTime:<2014-11-02T00:00:00Z,be86f6fe-5dae-11e4-897f-00144feabdc0
204,Mueller OR Flynn OR Manafort OR Cohen AND lastPublishDateTime:>2014-10-01T00:00:00Z AND lastPublishDateTime:<2014-11-02T00:00:00Z,871d82dc-5566-11e4-b750-00144feab7de
205,Mueller OR Flynn OR Manafort OR Cohen AND lastPublishDateTime:>2014-10-01T00:00:00Z AND lastPublishDateTime:<2014-11-02T00:00:00Z,c74f69d2-5b61-11e4-a674-00144feab7de
206,Mueller OR Flynn OR Manafort OR Cohen AND lastPublishDateTime:>2014-10-01T00:00:00Z AND lastPublishDateTime:<2014-11-02T00:00:00Z,72c34344-592b-11e4-a722-00144feab7de
207,Mueller OR Flynn OR Manafort OR Cohen AND lastPublishDateTime:>2014-10-01T00:00:00Z AND lastPublishDateTime:<2014-11-02T00:00:00Z,6c269c4e-5ace-11e4-b449-00144feab7de
208,Mueller OR Flynn OR Manafort OR Cohen AND lastPublishDateTime:>2014-10-01T00:00:00Z AND lastPublishDateTime:<2014-11-02T00:00:00Z,d7f56b30-5abf-11e4-8625-00144feab7de
209,Mueller OR Flynn OR Manafort OR Cohen AND lastPublishDateTime:>2014-10-01T00:00:00Z AND lastPublishDateTime:<2014-11-02T00:00:00Z,08bff556-52c7-11e4-a236-00144feab7de
210,Mueller OR Flynn OR Manafort OR Cohen AND lastPublishDateTime:>2014-10-01T00:00:00Z AND lastPublishDateTime:<2014-11-02T00:00:00Z,68050984-3cfb-11e4-a2ab-00144feabdc0
211,Mueller OR Flynn OR Manafort OR Cohen AND lastPublishDateTime:>2014-10-01T00:00:00Z AND lastPublishDateTime:<2014-11-02T00:00:00Z,956790c0-4fc7-11e4-a0a4-00144feab7de
212,Mueller OR Flynn OR Manafort OR Cohen AND lastPublishDateTime:>2014-10-01T00:00:00Z AND lastPublishDateTime:<2014-11-02T00:00:00Z,3d8d2fd0-4a1e-11e4-bc07-00144feab7de
213,Mueller OR Flynn OR Manafort OR Cohen AND lastPublishDateTime:>2014-10-01T00:00:00Z AND lastPublishDateTime:<2014-11-02T00:00:00Z,ee71c492-4ae5-11e4-839a-00144feab7de
214,Mueller OR Flynn OR Manafort OR Cohen AND lastPublishDateTime:>2014-10-01T00:00:00Z AND lastPublishDateTime:<2014-11-02T00:00:00Z,4adcdb56-4986-11e4-80fb-00144feab7de
215,Mueller OR Flynn OR Manafort OR Cohen AND lastPublishDateTime:>2014-10-01T00:00:00Z AND lastPublishDateTime:<2014-11-02T00:00:00Z,b388de4c-174b-11e4-87c0-00144feabdc0
216,Mueller OR Flynn OR Manafort OR Cohen AND lastPublishDateTime:>2014-11-01T00:00:00Z AND lastPublishDateTime:<2014-12-02T00:00:00Z,13fae332-7652-11e4-9761-00144feabdc0
217,Mueller OR Flynn OR Manafort OR Cohen AND lastPublishDateTime:>2014-11-01T00:00:00Z AND lastPublishDateTime:<2014-12-02T00:00:00Z,299bd96e-6e6c-11e4-afe5-00144feabdc0
218,Mueller OR Flynn OR Manafort OR Cohen AND lastPublishDateTime:>2014-11-01T00:00:00Z AND lastPublishDateTime:<2014-12-02T00:00:00Z,1ad03eba-6ff3-11e4-90af-00144feabdc0
219,Mueller OR Flynn OR Manafort OR Cohen AND lastPublishDateTime:>2014-11-01T00:00:00Z AND lastPublishDateTime:<2014-12-02T00:00:00Z,997ad3ee-6b23-11e4-ae52-00144feabdc0
220,Mueller OR Flynn OR Manafort OR Cohen AND lastPublishDateTime:>2014-11-01T00:00:00Z AND lastPublishDateTime:<2014-12-02T00:00:00Z,3b5f90fc-6b4f-11e4-9337-00144feabdc0
221,Mueller OR Flynn OR Manafort OR Cohen AND lastPublishDateTime:>2014-11-01T00:00:00Z AND lastPublishDateTime:<2014-12-02T00:00:00Z,f2736f38-6a97-11e4-bfb4-00144feabdc0
222,Mueller OR Flynn OR Manafort OR Cohen AND lastPublishDateTime:>2014-11-01T00:00:00Z AND lastPublishDateTime:<2014-12-02T00:00:00Z,898db2c0-02c9-11e4-a68d-00144feab7de
223,Mueller OR Flynn OR Manafort OR Cohen AND lastPublishDateTime:>2014-11-01T00:00:00Z AND lastPublishDateTime:<2014-12-02T00:00:00Z,30fbf7be-6518-11e4-ab2d-00144feabdc0
224,Mueller OR Flynn OR Manafort OR Cohen AND lastPublishDateTime:>2014-11-01T00:00:00Z AND lastPublishDateTime:<2014-12-02T00:00:00Z,9652d026-6412-11e4-8ade-00144feabdc0
225,Mueller OR Flynn OR Manafort OR Cohen AND lastPublishDateTime:>2014-12-01T00:00:00Z AND lastPublishDateTime:<2015-01-02T00:00:00Z,32b90fd8-8129-11e4-b956-00144feabdc0
226,Mueller OR Flynn OR Manafort OR Cohen AND lastPublishDateTime:>2014-12-01T00:00:00Z AND lastPublishDateTime:<2015-01-02T00:00:00Z,e4c194e4-8777-11e4-8c91-00144feabdc0
227,Mueller OR Flynn OR Manafort OR Cohen AND lastPublishDateTime:>2014-12-01T00:00:00Z AND lastPublishDateTime:<2015-01-02T00:00:00Z,6e38d8ea-85d9-11e4-a105-00144feabdc0
228,Mueller OR Flynn OR Manafort OR Cohen AND lastPublishDateTime:>2014-12-01T00:00:00Z AND lastPublishDateTime:<2015-01-02T00:00:00Z,c06ccb72-814b-11e4-b956-00144feabdc0
229,Mueller OR Flynn OR Manafort OR Cohen AND lastPublishDateTime:>2014-12-01T00:00:00Z AND lastPublishDateTime:<2015-01-02T00:00:00Z,5298f324-8208-11e4-b9d0-00144feabdc0
230,Mueller OR Flynn OR Manafort OR Cohen AND lastPublishDateTime:>2014-12-01T00:00:00Z AND lastPublishDateTime:<2015-01-02T00:00:00Z,7609943a-812c-11e4-b956-00144feabdc0
231,Mueller OR Flynn OR Manafort OR Cohen AND lastPublishDateTime:>2014-12-01T00:00:00Z AND lastPublishDateTime:<2015-01-02T00:00:00Z,82dda982-8053-11e4-872b-00144feabdc0
232,Mueller OR Flynn OR Manafort OR Cohen AND lastPublishDateTime:>2014-12-01T00:00:00Z AND lastPublishDateTime:<2015-01-02T00:00:00Z,d7cc17e0-7c0b-11e4-a7b8-00144feabdc0
233,Mueller OR Flynn OR Manafort OR Cohen AND lastPublishDateTime:>2014-12-01T00:00:00Z AND lastPublishDateTime:<2015-01-02T00:00:00Z,13fae332-7652-11e4-9761-00144feabdc0
234,Mueller OR Flynn OR Manafort OR Cohen AND lastPublishDateTime:>2015-01-01T00:00:00Z AND lastPublishDateTime:<2015-02-02T00:00:00Z,a144ce24-a636-11e4-9bd3-00144feab7de
235,Mueller OR Flynn OR Manafort OR Cohen AND lastPublishDateTime:>2015-01-01T00:00:00Z AND lastPublishDateTime:<2015-02-02T00:00:00Z,65391352-a7cd-11e4-be63-00144feab7de
236,Mueller OR Flynn OR Manafort OR Cohen AND lastPublishDateTime:>2015-01-01T00:00:00Z AND lastPublishDateTime:<2015-02-02T00:00:00Z,885c3242-a34a-11e4-bbef-00144feab7de
237,Mueller OR Flynn OR Manafort OR Cohen AND lastPublishDateTime:>2015-01-01T00:00:00Z AND lastPublishDateTime:<2015-02-02T00:00:00Z,bc84f0aa-a272-11e4-9630-00144feab7de
238,Mueller OR Flynn OR Manafort OR Cohen AND lastPublishDateTime:>2015-01-01T00:00:00Z AND lastPublishDateTime:<2015-02-02T00:00:00Z,a4bf51a2-9a54-11e4-8426-00144feabdc0
239,Mueller OR Flynn OR Manafort OR Cohen AND lastPublishDateTime:>2015-01-01T00:00:00Z AND lastPublishDateTime:<2015-02-02T00:00:00Z,7daf14b0-9a65-11e4-9602-00144feabdc0
240,Mueller OR Flynn OR Manafort OR Cohen AND lastPublishDateTime:>2015-01-01T00:00:00Z AND lastPublishDateTime:<2015-02-02T00:00:00Z,43138270-9716-11e4-845a-00144feabdc0
241,Mueller OR Flynn OR Manafort OR Cohen AND lastPublishDateTime:>2015-01-01T00:00:00Z AND lastPublishDateTime:<2015-02-02T00:00:00Z,ca1e00c0-9733-11e4-9636-00144feabdc0
242,Mueller OR Flynn OR Manafort OR Cohen AND lastPublishDateTime:>2015-01-01T00:00:00Z AND lastPublishDateTime:<2015-02-02T00:00:00Z,32b90fd8-8129-11e4-b956-00144feabdc0
243,Mueller OR Flynn OR Manafort OR Cohen AND lastPublishDateTime:>2015-02-01T00:00:00Z AND lastPublishDateTime:<2015-03-02T00:00:00Z,f83dc354-c010-11e4-a71e-00144feab7de
244,Mueller OR Flynn OR Manafort OR Cohen AND lastPublishDateTime:>2015-02-01T00:00:00Z AND lastPublishDateTime:<2015-03-02T00:00:00Z,914e63f0-bde1-11e4-8cf3-00144feab7de
245,Mueller OR Flynn OR Manafort OR Cohen AND lastPublishDateTime:>2015-02-01T00:00:00Z AND lastPublishDateTime:<2015-03-02T00:00:00Z,fbeb1562-b7cb-11e4-8807-00144feab7de
246,Mueller OR Flynn OR Manafort OR Cohen AND lastPublishDateTime:>2015-02-01T00:00:00Z AND lastPublishDateTime:<2015-03-02T00:00:00Z,f52377d2-b2fe-11e4-a058-00144feab7de
247,Mueller OR Flynn OR Manafort OR Cohen AND lastPublishDateTime:>2015-02-01T00:00:00Z AND lastPublishDateTime:<2015-03-02T00:00:00Z,4280a14a-b317-11e4-b0d2-00144feab7de
248,Mueller OR Flynn OR Manafort OR Cohen AND lastPublishDateTime:>2015-02-01T00:00:00Z AND lastPublishDateTime:<2015-03-02T00:00:00Z,b005e9e8-b2ca-11e4-b234-00144feab7de
249,Mueller OR Flynn OR Manafort OR Cohen AND lastPublishDateTime:>2015-02-01T00:00:00Z AND lastPublishDateTime:<2015-03-02T00:00:00Z,80219afa-ae07-11e4-919e-00144feab7de
250,Mueller OR Flynn OR Manafort OR Cohen AND lastPublishDateTime:>2015-02-01T00:00:00Z AND lastPublishDateTime:<2015-03-02T00:00:00Z,05870dfa-b129-11e4-9331-00144feab7de
251,Mueller OR Flynn OR Manafort OR Cohen AND lastPublishDateTime:>2015-02-01T00:00:00Z AND lastPublishDateTime:<2015-03-02T00:00:00Z,d38d0034-b128-11e4-9331-00144feab7de
252,Mueller OR Flynn OR Manafort OR Cohen AND lastPublishDateTime:>2015-02-01T00:00:00Z AND lastPublishDateTime:<2015-03-02T00:00:00Z,f531d8d6-aae3-11e4-81bc-00144feab7de
253,Mueller OR Flynn OR Manafort OR Cohen AND lastPublishDateTime:>2015-02-01T00:00:00Z AND lastPublishDateTime:<2015-03-02T00:00:00Z,73f2f05e-ad25-11e4-bfcf-00144feab7de
254,Mueller OR Flynn OR Manafort OR Cohen AND lastPublishDateTime:>2015-02-01T00:00:00Z AND lastPublishDateTime:<2015-03-02T00:00:00Z,1525b8bc-ac45-11e4-af0e-00144feab7de
255,Mueller OR Flynn OR Manafort OR Cohen AND lastPublishDateTime:>2015-03-01T00:00:00Z AND lastPublishDateTime:<2015-04-02T00:00:00Z,de6a3090-d88c-11e4-ba53-00144feab7de
256,Mueller OR Flynn OR Manafort OR Cohen AND lastPublishDateTime:>2015-03-01T00:00:00Z AND lastPublishDateTime:<2015-04-02T00:00:00Z,31b2c0f4-cc95-11e4-b5a5-00144feab7de
257,Mueller OR Flynn OR Manafort OR Cohen AND lastPublishDateTime:>2015-03-01T00:00:00Z AND lastPublishDateTime:<2015-04-02T00:00:00Z,ee8b47f4-d6c3-11e4-a99f-00144feab7de
258,Mueller OR Flynn OR Manafort OR Cohen AND lastPublishDateTime:>2015-03-01T00:00:00Z AND lastPublishDateTime:<2015-04-02T00:00:00Z,0c772c3e-d3fd-11e4-b041-00144feab7de
259,Mueller OR Flynn OR Manafort OR Cohen AND lastPublishDateTime:>2015-03-01T00:00:00Z AND lastPublishDateTime:<2015-04-02T00:00:00Z,176f7c04-d2f9-11e4-a792-00144feab7de
260,Mueller OR Flynn OR Manafort OR Cohen AND lastPublishDateTime:>2015-03-01T00:00:00Z AND lastPublishDateTime:<2015-04-02T00:00:00Z,f0712b22-ad5d-11e4-a5c1-00144feab7de
261,Mueller OR Flynn OR Manafort OR Cohen AND lastPublishDateTime:>2015-03-01T00:00:00Z AND lastPublishDateTime:<2015-04-02T00:00:00Z,e2fad846-d0fb-11e4-a840-00144feab7de
262,Mueller OR Flynn OR Manafort OR Cohen AND lastPublishDateTime:>2015-03-01T00:00:00Z AND lastPublishDateTime:<2015-04-02T00:00:00Z,9f00276a-cee7-11e4-893d-00144feab7de
263,Mueller OR Flynn OR Manafort OR Cohen AND lastPublishDateTime:>2015-03-01T00:00:00Z AND lastPublishDateTime:<2015-04-02T00:00:00Z,370bcfda-b040-11e4-92b6-00144feab7de
264,Mueller OR Flynn OR Manafort OR Cohen AND lastPublishDateTime:>2015-03-01T00:00:00Z AND lastPublishDateTime:<2015-04-02T00:00:00Z,3455808a-c71d-11e4-8e1f-00144feab7de
265,Mueller OR Flynn OR Manafort OR Cohen AND lastPublishDateTime:>2015-03-01T00:00:00Z AND lastPublishDateTime:<2015-04-02T00:00:00Z,e533513a-c8b1-11e4-b43b-00144feab7de
266,Mueller OR Flynn OR Manafort OR Cohen AND lastPublishDateTime:>2015-03-01T00:00:00Z AND lastPublishDateTime:<2015-04-02T00:00:00Z,a2ef4ed8-c7e3-11e4-9226-00144feab7de
267,Mueller OR Flynn OR Manafort OR Cohen AND lastPublishDateTime:>2015-03-01T00:00:00Z AND lastPublishDateTime:<2015-04-02T00:00:00Z,5afe167c-c7c0-11e4-9226-00144feab7de
268,Mueller OR Flynn OR Manafort OR Cohen AND lastPublishDateTime:>2015-03-01T00:00:00Z AND lastPublishDateTime:<2015-04-02T00:00:00Z,ce95707c-bb53-11e4-b95c-00144feab7de
269,Mueller OR Flynn OR Manafort OR Cohen AND lastPublishDateTime:>2015-03-01T00:00:00Z AND lastPublishDateTime:<2015-04-02T00:00:00Z,d3362052-aaf7-11e4-81bc-00144feab7de
270,Mueller OR Flynn OR Manafort OR Cohen AND lastPublishDateTime:>2015-03-01T00:00:00Z AND lastPublishDateTime:<2015-04-02T00:00:00Z,1bd0949e-c0d0-11e4-876d-00144feab7de
271,Mueller OR Flynn OR Manafort OR Cohen AND lastPublishDateTime:>2015-03-01T00:00:00Z AND lastPublishDateTime:<2015-04-02T00:00:00Z,f83dc354-c010-11e4-a71e-00144feab7de
272,Mueller OR Flynn OR Manafort OR Cohen AND lastPublishDateTime:>2015-04-01T00:00:00Z AND lastPublishDateTime:<2015-05-02T00:00:00Z,2d17d002-eeaf-11e4-a5cd-00144feab7de
273,Mueller OR Flynn OR Manafort OR Cohen AND lastPublishDateTime:>2015-04-01T00:00:00Z AND lastPublishDateTime:<2015-05-02T00:00:00Z,5ae99a26-ed7c-11e4-987e-00144feab7de
274,Mueller OR Flynn OR Manafort OR Cohen AND lastPublishDateTime:>2015-04-01T00:00:00Z AND lastPublishDateTime:<2015-05-02T00:00:00Z,6c359ec0-e6fa-11e4-afb7-00144feab7de
275,Mueller OR Flynn OR Manafort OR Cohen AND lastPublishDateTime:>2015-04-01T00:00:00Z AND lastPublishDateTime:<2015-05-02T00:00:00Z,744f0174-e8fc-11e4-87fe-00144feab7de
276,Mueller OR Flynn OR Manafort OR Cohen AND lastPublishDateTime:>2015-04-01T00:00:00Z AND lastPublishDateTime:<2015-05-02T00:00:00Z,7c1d8ac0-e1c1-11e4-bb7f-00144feab7de
277,Mueller OR Flynn OR Manafort OR Cohen AND lastPublishDateTime:>2015-04-01T00:00:00Z AND lastPublishDateTime:<2015-05-02T00:00:00Z,b0cf8808-dd62-11e4-975c-00144feab7de
278,Mueller OR Flynn OR Manafort OR Cohen AND lastPublishDateTime:>2015-04-01T00:00:00Z AND lastPublishDateTime:<2015-05-02T00:00:00Z,1a448d16-d7cc-11e4-849b-00144feab7de
279,Mueller OR Flynn OR Manafort OR Cohen AND lastPublishDateTime:>2015-04-01T00:00:00Z AND lastPublishDateTime:<2015-05-02T00:00:00Z,42c69ef2-dd06-11e4-a772-00144feab7de
280,Mueller OR Flynn OR Manafort OR Cohen AND lastPublishDateTime:>2015-04-01T00:00:00Z AND lastPublishDateTime:<2015-05-02T00:00:00Z,a91a1608-d887-11e4-8a23-00144feab7de
281,Mueller OR Flynn OR Manafort OR Cohen AND lastPublishDateTime:>2015-04-01T00:00:00Z AND lastPublishDateTime:<2015-05-02T00:00:00Z,49d94a42-d7ba-11e4-849b-00144feab7de
282,Mueller OR Flynn OR Manafort OR Cohen AND lastPublishDateTime:>2015-04-01T00:00:00Z AND lastPublishDateTime:<2015-05-02T00:00:00Z,f8b919fc-ce64-11e4-86fc-00144feab7de
283,Mueller OR Flynn OR Manafort OR Cohen AND lastPublishDateTime:>2015-04-01T00:00:00Z AND lastPublishDateTime:<2015-05-02T00:00:00Z,837791c2-da1d-11e4-9b1c-00144feab7de
284,Mueller OR Flynn OR Manafort OR Cohen AND lastPublishDateTime:>2015-04-01T00:00:00Z AND lastPublishDateTime:<2015-05-02T00:00:00Z,de6a3090-d88c-11e4-ba53-00144feab7de
285,Mueller OR Flynn OR Manafort OR Cohen AND lastPublishDateTime:>2015-05-01T00:00:00Z AND lastPublishDateTime:<2015-06-02T00:00:00Z,29c7d23e-0648-11e5-89c1-00144feabdc0
286,Mueller OR Flynn OR Manafort OR Cohen AND lastPublishDateTime:>2015-05-01T00:00:00Z AND lastPublishDateTime:<2015-06-02T00:00:00Z,7a0e1c96-033f-11e5-b31d-00144feabdc0
287,Mueller OR Flynn OR Manafort OR Cohen AND lastPublishDateTime:>2015-05-01T00:00:00Z AND lastPublishDateTime:<2015-06-02T00:00:00Z,109d8cec-fb0b-11e4-84f3-00144feab7de
288,Mueller OR Flynn OR Manafort OR Cohen AND lastPublishDateTime:>2015-05-01T00:00:00Z AND lastPublishDateTime:<2015-06-02T00:00:00Z,c509d244-ffa7-11e4-bc30-00144feabdc0
289,Mueller OR Flynn OR Manafort OR Cohen AND lastPublishDateTime:>2015-05-01T00:00:00Z AND lastPublishDateTime:<2015-06-02T00:00:00Z,26f154de-005f-11e5-b91e-00144feabdc0
290,Mueller OR Flynn OR Manafort OR Cohen AND lastPublishDateTime:>2015-05-01T00:00:00Z AND lastPublishDateTime:<2015-06-02T00:00:00Z,647327f0-f453-11e4-99de-00144feab7de
291,Mueller OR Flynn OR Manafort OR Cohen AND lastPublishDateTime:>2015-05-01T00:00:00Z AND lastPublishDateTime:<2015-06-02T00:00:00Z,0a7fa4f4-efd4-11e4-ab73-00144feab7de
292,Mueller OR Flynn OR Manafort OR Cohen AND lastPublishDateTime:>2015-05-01T00:00:00Z AND lastPublishDateTime:<2015-06-02T00:00:00Z,2d17d002-eeaf-11e4-a5cd-00144feab7de
293,Mueller OR Flynn OR Manafort OR Cohen AND lastPublishDateTime:>2015-06-01T00:00:00Z AND lastPublishDateTime:<2015-07-02T00:00:00Z,bd4a767c-1b99-11e5-8201-cbdb03d71480
294,Mueller OR Flynn OR Manafort OR Cohen AND lastPublishDateTime:>2015-06-01T00:00:00Z AND lastPublishDateTime:<2015-07-02T00:00:00Z,208cedfe-19c0-11e5-a130-2e7db721f996
295,Mueller OR Flynn OR Manafort OR Cohen AND lastPublishDateTime:>2015-06-01T00:00:00Z AND lastPublishDateTime:<2015-07-02T00:00:00Z,926af768-1a4c-11e5-a130-2e7db721f996
296,Mueller OR Flynn OR Manafort OR Cohen AND lastPublishDateTime:>2015-06-01T00:00:00Z AND lastPublishDateTime:<2015-07-02T00:00:00Z,c6ee0b6c-1a04-11e5-a130-2e7db721f996
297,Mueller OR Flynn OR Manafort OR Cohen AND lastPublishDateTime:>2015-06-01T00:00:00Z AND lastPublishDateTime:<2015-07-02T00:00:00Z,97833306-0f88-11e5-b968-00144feabdc0
298,Mueller OR Flynn OR Manafort OR Cohen AND lastPublishDateTime:>2015-06-01T00:00:00Z AND lastPublishDateTime:<2015-07-02T00:00:00Z,5be330fa-14f9-11e5-9509-00144feabdc0
299,Mueller OR Flynn OR Manafort OR Cohen AND lastPublishDateTime:>2015-06-01T00:00:00Z AND lastPublishDateTime:<2015-07-02T00:00:00Z,efa910f4-1065-11e5-ad5a-00144feabdc0
300,Mueller OR Flynn OR Manafort OR Cohen AND lastPublishDateTime:>2015-06-01T00:00:00Z AND lastPublishDateTime:<2015-07-02T00:00:00Z,34f16d5c-14e2-11e5-9509-00144feabdc0
301,Mueller OR Flynn OR Manafort OR Cohen AND lastPublishDateTime:>2015-06-01T00:00:00Z AND lastPublishDateTime:<2015-07-02T00:00:00Z,87764d44-0e94-11e5-9ae0-00144feabdc0
302,Mueller OR Flynn OR Manafort OR Cohen AND lastPublishDateTime:>2015-06-01T00:00:00Z AND lastPublishDateTime:<2015-07-02T00:00:00Z,8605a098-0de2-11e5-9a65-00144feabdc0
303,Mueller OR Flynn OR Manafort OR Cohen AND lastPublishDateTime:>2015-06-01T00:00:00Z AND lastPublishDateTime:<2015-07-02T00:00:00Z,801a9912-1022-11e5-ad5a-00144feabdc0
304,Mueller OR Flynn OR Manafort OR Cohen AND lastPublishDateTime:>2015-07-01T00:00:00Z AND lastPublishDateTime:<2015-08-02T00:00:00Z,f724f0fc-36ab-11e5-bdbb-35e55cbae175
305,Mueller OR Flynn OR Manafort OR Cohen AND lastPublishDateTime:>2015-07-01T00:00:00Z AND lastPublishDateTime:<2015-08-02T00:00:00Z,622d2db2-36d2-11e5-b05b-b01debd57852
306,Mueller OR Flynn OR Manafort OR Cohen AND lastPublishDateTime:>2015-07-01T00:00:00Z AND lastPublishDateTime:<2015-08-02T00:00:00Z,04a60744-35de-11e5-b05b-b01debd57852
307,Mueller OR Flynn OR Manafort OR Cohen AND lastPublishDateTime:>2015-07-01T00:00:00Z AND lastPublishDateTime:<2015-08-02T00:00:00Z,cee037b4-2c7e-11e5-8613-e7aedbb7bdb7
308,Mueller OR Flynn OR Manafort OR Cohen AND lastPublishDateTime:>2015-07-01T00:00:00Z AND lastPublishDateTime:<2015-08-02T00:00:00Z,2aea7fb2-2953-11e5-8613-e7aedbb7bdb7
309,Mueller OR Flynn OR Manafort OR Cohen AND lastPublishDateTime:>2015-07-01T00:00:00Z AND lastPublishDateTime:<2015-08-02T00:00:00Z,1d061d92-2ad5-11e5-acfb-cbd2e1c81cca
310,Mueller OR Flynn OR Manafort OR Cohen AND lastPublishDateTime:>2015-07-01T00:00:00Z AND lastPublishDateTime:<2015-08-02T00:00:00Z,637f8f92-28d2-11e5-8613-e7aedbb7bdb7
311,Mueller OR Flynn OR Manafort OR Cohen AND lastPublishDateTime:>2015-07-01T00:00:00Z AND lastPublishDateTime:<2015-08-02T00:00:00Z,31681272-24b3-11e5-9c4e-a775d2b173ca
312,Mueller OR Flynn OR Manafort OR Cohen AND lastPublishDateTime:>2015-07-01T00:00:00Z AND lastPublishDateTime:<2015-08-02T00:00:00Z,6a41089a-20d7-11e5-ab0f-6bb9974f25d0
313,Mueller OR Flynn OR Manafort OR Cohen AND lastPublishDateTime:>2015-07-01T00:00:00Z AND lastPublishDateTime:<2015-08-02T00:00:00Z,98f327de-2098-11e5-ab0f-6bb9974f25d0
314,Mueller OR Flynn OR Manafort OR Cohen AND lastPublishDateTime:>2015-08-01T00:00:00Z AND lastPublishDateTime:<2015-09-02T00:00:00Z,0007a1c4-4fcf-11e5-8642-453585f2cfcd
315,Mueller OR Flynn OR Manafort OR Cohen AND lastPublishDateTime:>2015-08-01T00:00:00Z AND lastPublishDateTime:<2015-09-02T00:00:00Z,a45a0f22-475b-11e5-af2f-4d6e0e5eda22
316,Mueller OR Flynn OR Manafort OR Cohen AND lastPublishDateTime:>2015-08-01T00:00:00Z AND lastPublishDateTime:<2015-09-02T00:00:00Z,e2bd9002-4712-11e5-b3b2-1672f710807b
317,Mueller OR Flynn OR Manafort OR Cohen AND lastPublishDateTime:>2015-08-01T00:00:00Z AND lastPublishDateTime:<2015-09-02T00:00:00Z,cb8049d0-466c-11e5-b3b2-1672f710807b
318,Mueller OR Flynn OR Manafort OR Cohen AND lastPublishDateTime:>2015-08-01T00:00:00Z AND lastPublishDateTime:<2015-09-02T00:00:00Z,737d9594-4685-11e5-af2f-4d6e0e5eda22
319,Mueller OR Flynn OR Manafort OR Cohen AND lastPublishDateTime:>2015-08-01T00:00:00Z AND lastPublishDateTime:<2015-09-02T00:00:00Z,d9552ca2-41b1-11e5-9abe-5b335da3a90e
320,Mueller OR Flynn OR Manafort OR Cohen AND lastPublishDateTime:>2015-08-01T00:00:00Z AND lastPublishDateTime:<2015-09-02T00:00:00Z,89110eca-4227-11e5-9abe-5b335da3a90e
321,Mueller OR Flynn OR Manafort OR Cohen AND lastPublishDateTime:>2015-08-01T00:00:00Z AND lastPublishDateTime:<2015-09-02T00:00:00Z,cecee6e2-402b-11e5-b98b-87c7270955cf
322,Mueller OR Flynn OR Manafort OR Cohen AND lastPublishDateTime:>2015-08-01T00:00:00Z AND lastPublishDateTime:<2015-09-02T00:00:00Z,10227ff6-3225-11e5-8873-775ba7c2ea3d
323,Mueller OR Flynn OR Manafort OR Cohen AND lastPublishDateTime:>2015-09-01T00:00:00Z AND lastPublishDateTime:<2015-10-02T00:00:00Z,d936ea42-5ac7-11e5-a28b-50226830d644
324,Mueller OR Flynn OR Manafort OR Cohen AND lastPublishDateTime:>2015-09-01T00:00:00Z AND lastPublishDateTime:<2015-10-02T00:00:00Z,f1a23ed2-5c80-11e5-9846-de406ccb37f2
325,Mueller OR Flynn OR Manafort OR Cohen AND lastPublishDateTime:>2015-09-01T00:00:00Z AND lastPublishDateTime:<2015-10-02T00:00:00Z,70aa9d50-61f9-11e5-a28b-50226830d644
326,Mueller OR Flynn OR Manafort OR Cohen AND lastPublishDateTime:>2015-09-01T00:00:00Z AND lastPublishDateTime:<2015-10-02T00:00:00Z,fc9fd43a-5e41-11e5-9846-de406ccb37f2
327,Mueller OR Flynn OR Manafort OR Cohen AND lastPublishDateTime:>2015-09-01T00:00:00Z AND lastPublishDateTime:<2015-10-02T00:00:00Z,d86cfe80-5df6-11e5-9846-de406ccb37f2
328,Mueller OR Flynn OR Manafort OR Cohen AND lastPublishDateTime:>2015-09-01T00:00:00Z AND lastPublishDateTime:<2015-10-02T00:00:00Z,493eb1a6-5cb4-11e5-a28b-50226830d644
329,Mueller OR Flynn OR Manafort OR Cohen AND lastPublishDateTime:>2015-09-01T00:00:00Z AND lastPublishDateTime:<2015-10-02T00:00:00Z,6490d856-5cca-11e5-a28b-50226830d644
330,Mueller OR Flynn OR Manafort OR Cohen AND lastPublishDateTime:>2015-09-01T00:00:00Z AND lastPublishDateTime:<2015-10-02T00:00:00Z,bf55428e-5ba5-11e5-a28b-50226830d644
331,Mueller OR Flynn OR Manafort OR Cohen AND lastPublishDateTime:>2015-09-01T00:00:00Z AND lastPublishDateTime:<2015-10-02T00:00:00Z,cd4eee3e-5c23-11e5-9846-de406ccb37f2
332,Mueller OR Flynn OR Manafort OR Cohen AND lastPublishDateTime:>2015-09-01T00:00:00Z AND lastPublishDateTime:<2015-10-02T00:00:00Z,cc4167de-2635-11e5-bd83-71cb60e8f08c
333,Mueller OR Flynn OR Manafort OR Cohen AND lastPublishDateTime:>2015-09-01T00:00:00Z AND lastPublishDateTime:<2015-10-02T00:00:00Z,e3177b6c-5252-11e5-b029-b9d50a74fd14
334,Mueller OR Flynn OR Manafort OR Cohen AND lastPublishDateTime:>2015-09-01T00:00:00Z AND lastPublishDateTime:<2015-10-02T00:00:00Z,f8ac893a-5096-11e5-b029-b9d50a74fd14
335,Mueller OR Flynn OR Manafort OR Cohen AND lastPublishDateTime:>2015-09-01T00:00:00Z AND lastPublishDateTime:<2015-10-02T00:00:00Z,0007a1c4-4fcf-11e5-8642-453585f2cfcd
336,Mueller OR Flynn OR Manafort OR Cohen AND lastPublishDateTime:>2015-10-01T00:00:00Z AND lastPublishDateTime:<2015-11-02T00:00:00Z,51057108-7cea-11e5-98fb-5a6d4728f74e
337,Mueller OR Flynn OR Manafort OR Cohen AND lastPublishDateTime:>2015-10-01T00:00:00Z AND lastPublishDateTime:<2015-11-02T00:00:00Z,2fa1c878-761d-11e5-a95a-27d368e1ddf7
338,Mueller OR Flynn OR Manafort OR Cohen AND lastPublishDateTime:>2015-10-01T00:00:00Z AND lastPublishDateTime:<2015-11-02T00:00:00Z,5fb1a6c0-6d06-11e5-8171-ba1968cf791a
339,Mueller OR Flynn OR Manafort OR Cohen AND lastPublishDateTime:>2015-10-01T00:00:00Z AND lastPublishDateTime:<2015-11-02T00:00:00Z,28250504-78f9-11e5-933d-efcdc3c11c89
340,Mueller OR Flynn OR Manafort OR Cohen AND lastPublishDateTime:>2015-10-01T00:00:00Z AND lastPublishDateTime:<2015-11-02T00:00:00Z,903615c4-71ac-11e5-9b9e-690fdae72044
341,Mueller OR Flynn OR Manafort OR Cohen AND lastPublishDateTime:>2015-10-01T00:00:00Z AND lastPublishDateTime:<2015-11-02T00:00:00Z,681854ba-70eb-11e5-ad6d-f4ed76f0900a
342,Mueller OR Flynn OR Manafort OR Cohen AND lastPublishDateTime:>2015-10-01T00:00:00Z AND lastPublishDateTime:<2015-11-02T00:00:00Z,22163e5a-6db2-11e5-8171-ba1968cf791a
343,Mueller OR Flynn OR Manafort OR Cohen AND lastPublishDateTime:>2015-10-01T00:00:00Z AND lastPublishDateTime:<2015-11-02T00:00:00Z,8461315c-71a2-11e5-9b9e-690fdae72044
344,Mueller OR Flynn OR Manafort OR Cohen AND lastPublishDateTime:>2015-10-01T00:00:00Z AND lastPublishDateTime:<2015-11-02T00:00:00Z,8eb955e2-6dc6-11e5-8171-ba1968cf791a
345,Mueller OR Flynn OR Manafort OR Cohen AND lastPublishDateTime:>2015-10-01T00:00:00Z AND lastPublishDateTime:<2015-11-02T00:00:00Z,d936ea42-5ac7-11e5-a28b-50226830d644
346,Mueller OR Flynn OR Manafort OR Cohen AND lastPublishDateTime:>2015-11-01T00:00:00Z AND lastPublishDateTime:<2015-12-02T00:00:00Z,8c4e99ce-8d6b-11e5-a549-b89a1dfede9b
347,Mueller OR Flynn OR Manafort OR Cohen AND lastPublishDateTime:>2015-11-01T00:00:00Z AND lastPublishDateTime:<2015-12-02T00:00:00Z,4a3cc972-8f62-11e5-a549-b89a1dfede9b
348,Mueller OR Flynn OR Manafort OR Cohen AND lastPublishDateTime:>2015-11-01T00:00:00Z AND lastPublishDateTime:<2015-12-02T00:00:00Z,653e5ec0-8c3d-11e5-a549-b89a1dfede9b
349,Mueller OR Flynn OR Manafort OR Cohen AND lastPublishDateTime:>2015-11-01T00:00:00Z AND lastPublishDateTime:<2015-12-02T00:00:00Z,e2ab9e38-86f5-11e5-90de-f44762bf9896
350,Mueller OR Flynn OR Manafort OR Cohen AND lastPublishDateTime:>2015-11-01T00:00:00Z AND lastPublishDateTime:<2015-12-02T00:00:00Z,8371e4d4-87e7-11e5-90de-f44762bf9896
351,Mueller OR Flynn OR Manafort OR Cohen AND lastPublishDateTime:>2015-11-01T00:00:00Z AND lastPublishDateTime:<2015-12-02T00:00:00Z,87cf4114-8910-11e5-9f8c-a8d619fa707c
352,Mueller OR Flynn OR Manafort OR Cohen AND lastPublishDateTime:>2015-11-01T00:00:00Z AND lastPublishDateTime:<2015-12-02T00:00:00Z,97cbb644-88fa-11e5-90de-f44762bf9896
353,Mueller OR Flynn OR Manafort OR Cohen AND lastPublishDateTime:>2015-11-01T00:00:00Z AND lastPublishDateTime:<2015-12-02T00:00:00Z,a702eeb8-86ff-11e5-9f8c-a8d619fa707c
354,Mueller OR Flynn OR Manafort OR Cohen AND lastPublishDateTime:>2015-11-01T00:00:00Z AND lastPublishDateTime:<2015-12-02T00:00:00Z,5e0a9832-8402-11e5-8095-ed1a37d1e096
355,Mueller OR Flynn OR Manafort OR Cohen AND lastPublishDateTime:>2015-11-01T00:00:00Z AND lastPublishDateTime:<2015-12-02T00:00:00Z,73a2d9a6-83ae-11e5-8e80-1574112844fd
356,Mueller OR Flynn OR Manafort OR Cohen AND lastPublishDateTime:>2015-12-01T00:00:00Z AND lastPublishDateTime:<2016-01-02T00:00:00Z,ce3a6046-af14-11e5-993b-c425a3d2b65a
357,Mueller OR Flynn OR Manafort OR Cohen AND lastPublishDateTime:>2015-12-01T00:00:00Z AND lastPublishDateTime:<2016-01-02T00:00:00Z,7ce15040-ae1c-11e5-b955-1a1d298b6250
358,Mueller OR Flynn OR Manafort OR Cohen AND lastPublishDateTime:>2015-12-01T00:00:00Z AND lastPublishDateTime:<2016-01-02T00:00:00Z,a1a6cc46-a815-11e5-955c-1e1d6de94879
359,Mueller OR Flynn OR Manafort OR Cohen AND lastPublishDateTime:>2015-12-01T00:00:00Z AND lastPublishDateTime:<2016-01-02T00:00:00Z,d6406160-a202-11e5-8d70-42b68cfae6e4
360,Mueller OR Flynn OR Manafort OR Cohen AND lastPublishDateTime:>2015-12-01T00:00:00Z AND lastPublishDateTime:<2016-01-02T00:00:00Z,4a3d52da-a500-11e5-a91e-162b86790c58
361,Mueller OR Flynn OR Manafort OR Cohen AND lastPublishDateTime:>2015-12-01T00:00:00Z AND lastPublishDateTime:<2016-01-02T00:00:00Z,2ef519a6-a23d-11e5-bc70-7ff6d4fd203a
362,Mueller OR Flynn OR Manafort OR Cohen AND lastPublishDateTime:>2015-12-01T00:00:00Z AND lastPublishDateTime:<2016-01-02T00:00:00Z,88436fce-9ff1-11e5-beba-5e33e2b79e46
363,Mueller OR Flynn OR Manafort OR Cohen AND lastPublishDateTime:>2015-12-01T00:00:00Z AND lastPublishDateTime:<2016-01-02T00:00:00Z,cd494048-902f-11e5-bd82-c1fb87bef7af
364,Mueller OR Flynn OR Manafort OR Cohen AND lastPublishDateTime:>2015-12-01T00:00:00Z AND lastPublishDateTime:<2016-01-02T00:00:00Z,129e8ea8-977b-11e5-9228-87e603d47bdc
365,Mueller OR Flynn OR Manafort OR Cohen AND lastPublishDateTime:>2015-12-01T00:00:00Z AND lastPublishDateTime:<2016-01-02T00:00:00Z,df7f388c-9974-11e5-95c7-d47aa298f769
366,Mueller OR Flynn OR Manafort OR Cohen AND lastPublishDateTime:>2015-12-01T00:00:00Z AND lastPublishDateTime:<2016-01-02T00:00:00Z,6f53a330-99ac-11e5-987b-d6cdef1b205c
367,Mueller OR Flynn OR Manafort OR Cohen AND lastPublishDateTime:>2015-12-01T00:00:00Z AND lastPublishDateTime:<2016-01-02T00:00:00Z,2cc0fb12-9880-11e5-95c7-d47aa298f769
368,Mueller OR Flynn OR Manafort OR Cohen AND lastPublishDateTime:>2016-01-01T00:00:00Z AND lastPublishDateTime:<2016-02-02T00:00:00Z,2187a566-c92c-11e5-be0b-b7ece4e953a0
369,Mueller OR Flynn OR Manafort OR Cohen AND lastPublishDateTime:>2016-01-01T00:00:00Z AND lastPublishDateTime:<2016-02-02T00:00:00Z,59841a74-c636-11e5-b3b1-7b2481276e45
370,Mueller OR Flynn OR Manafort OR Cohen AND lastPublishDateTime:>2016-01-01T00:00:00Z AND lastPublishDateTime:<2016-02-02T00:00:00Z,997c06f8-b486-11e5-b147-e5e5bba42e51
371,Mueller OR Flynn OR Manafort OR Cohen AND lastPublishDateTime:>2016-01-01T00:00:00Z AND lastPublishDateTime:<2016-02-02T00:00:00Z,9f90cc36-c50c-11e5-b3b1-7b2481276e45
372,Mueller OR Flynn OR Manafort OR Cohen AND lastPublishDateTime:>2016-01-01T00:00:00Z AND lastPublishDateTime:<2016-02-02T00:00:00Z,6a55808c-c0ef-11e5-846f-79b0e3d20eaf
373,Mueller OR Flynn OR Manafort OR Cohen AND lastPublishDateTime:>2016-01-01T00:00:00Z AND lastPublishDateTime:<2016-02-02T00:00:00Z,acab9d3a-c32a-11e5-808f-8231cd71622e
374,Mueller OR Flynn OR Manafort OR Cohen AND lastPublishDateTime:>2016-01-01T00:00:00Z AND lastPublishDateTime:<2016-02-02T00:00:00Z,aebd3686-c359-11e5-b3b1-7b2481276e45
375,Mueller OR Flynn OR Manafort OR Cohen AND lastPublishDateTime:>2016-01-01T00:00:00Z AND lastPublishDateTime:<2016-02-02T00:00:00Z,f8f19200-bbd5-11e5-b151-8e15c9a029fb
376,Mueller OR Flynn OR Manafort OR Cohen AND lastPublishDateTime:>2016-01-01T00:00:00Z AND lastPublishDateTime:<2016-02-02T00:00:00Z,870a7b70-beff-11e5-9fdb-87b8d15baec2
377,Mueller OR Flynn OR Manafort OR Cohen AND lastPublishDateTime:>2016-01-01T00:00:00Z AND lastPublishDateTime:<2016-02-02T00:00:00Z,747d0566-c05a-11e5-9fdb-87b8d15baec2
378,Mueller OR Flynn OR Manafort OR Cohen AND lastPublishDateTime:>2016-01-01T00:00:00Z AND lastPublishDateTime:<2016-02-02T00:00:00Z,054c7414-bf66-11e5-846f-79b0e3d20eaf
379,Mueller OR Flynn OR Manafort OR Cohen AND lastPublishDateTime:>2016-01-01T00:00:00Z AND lastPublishDateTime:<2016-02-02T00:00:00Z,af6b04f6-ba34-11e5-bf7e-8a339b6f2164
380,Mueller OR Flynn OR Manafort OR Cohen AND lastPublishDateTime:>2016-01-01T00:00:00Z AND lastPublishDateTime:<2016-02-02T00:00:00Z,747c1412-b87b-11e5-bf7e-8a339b6f2164
381,Mueller OR Flynn OR Manafort OR Cohen AND lastPublishDateTime:>2016-01-01T00:00:00Z AND lastPublishDateTime:<2016-02-02T00:00:00Z,f935002a-b65e-11e5-b147-e5e5bba42e51
382,Mueller OR Flynn OR Manafort OR Cohen AND lastPublishDateTime:>2016-01-01T00:00:00Z AND lastPublishDateTime:<2016-02-02T00:00:00Z,640b7024-b63b-11e5-b147-e5e5bba42e51
383,Mueller OR Flynn OR Manafort OR Cohen AND lastPublishDateTime:>2016-01-01T00:00:00Z AND lastPublishDateTime:<2016-02-02T00:00:00Z,48b3f998-b462-11e5-8358-9a82b43f6b2f
384,Mueller OR Flynn OR Manafort OR Cohen AND lastPublishDateTime:>2016-01-01T00:00:00Z AND lastPublishDateTime:<2016-02-02T00:00:00Z,6f8d1c88-9389-11e5-bd82-c1fb87bef7af
385,Mueller OR Flynn OR Manafort OR Cohen AND lastPublishDateTime:>2016-01-01T00:00:00Z AND lastPublishDateTime:<2016-02-02T00:00:00Z,ce3a6046-af14-11e5-993b-c425a3d2b65a
386,Mueller OR Flynn OR Manafort OR Cohen AND lastPublishDateTime:>2016-02-01T00:00:00Z AND lastPublishDateTime:<2016-03-02T00:00:00Z,bfe8bc90-dbb5-11e5-a72f-1e7744c66818
387,Mueller OR Flynn OR Manafort OR Cohen AND lastPublishDateTime:>2016-02-01T00:00:00Z AND lastPublishDateTime:<2016-03-02T00:00:00Z,5232dd0e-dcd5-11e5-827d-4dfbe0213e07
388,Mueller OR Flynn OR Manafort OR Cohen AND lastPublishDateTime:>2016-02-01T00:00:00Z AND lastPublishDateTime:<2016-03-02T00:00:00Z,317cd18a-dbe7-11e5-a72f-1e7744c66818
389,Mueller OR Flynn OR Manafort OR Cohen AND lastPublishDateTime:>2016-02-01T00:00:00Z AND lastPublishDateTime:<2016-03-02T00:00:00Z,f3f8446c-dbae-11e5-a72f-1e7744c66818
390,Mueller OR Flynn OR Manafort OR Cohen AND lastPublishDateTime:>2016-02-01T00:00:00Z AND lastPublishDateTime:<2016-03-02T00:00:00Z,db105e7e-ce4a-11e5-831d-09f7778e7377
391,Mueller OR Flynn OR Manafort OR Cohen AND lastPublishDateTime:>2016-02-01T00:00:00Z AND lastPublishDateTime:<2016-03-02T00:00:00Z,80c3164e-d644-11e5-8887-98e7feb46f27
392,Mueller OR Flynn OR Manafort OR Cohen AND lastPublishDateTime:>2016-02-01T00:00:00Z AND lastPublishDateTime:<2016-03-02T00:00:00Z,95fdebf0-d573-11e5-8887-98e7feb46f27
393,Mueller OR Flynn OR Manafort OR Cohen AND lastPublishDateTime:>2016-02-01T00:00:00Z AND lastPublishDateTime:<2016-03-02T00:00:00Z,7ab1cd96-d4d6-11e5-829b-8564e7528e54
394,Mueller OR Flynn OR Manafort OR Cohen AND lastPublishDateTime:>2016-02-01T00:00:00Z AND lastPublishDateTime:<2016-03-02T00:00:00Z,c598ba32-d1a1-11e5-92a1-c5e23ef99c77
395,Mueller OR Flynn OR Manafort OR Cohen AND lastPublishDateTime:>2016-02-01T00:00:00Z AND lastPublishDateTime:<2016-03-02T00:00:00Z,870b5138-cf3c-11e5-92a1-c5e23ef99c77
396,Mueller OR Flynn OR Manafort OR Cohen AND lastPublishDateTime:>2016-02-01T00:00:00Z AND lastPublishDateTime:<2016-03-02T00:00:00Z,7851a862-ca8d-11e5-a8ef-ea66e967dd44
397,Mueller OR Flynn OR Manafort OR Cohen AND lastPublishDateTime:>2016-02-01T00:00:00Z AND lastPublishDateTime:<2016-03-02T00:00:00Z,d8f0b6c4-d017-11e5-92a1-c5e23ef99c77
398,Mueller OR Flynn OR Manafort OR Cohen AND lastPublishDateTime:>2016-02-01T00:00:00Z AND lastPublishDateTime:<2016-03-02T00:00:00Z,a9b99de4-cfef-11e5-92a1-c5e23ef99c77
399,Mueller OR Flynn OR Manafort OR Cohen AND lastPublishDateTime:>2016-02-01T00:00:00Z AND lastPublishDateTime:<2016-03-02T00:00:00Z,2187a566-c92c-11e5-be0b-b7ece4e953a0
400,Mueller OR Flynn OR Manafort OR Cohen AND lastPublishDateTime:>2016-03-01T00:00:00Z AND lastPublishDateTime:<2016-04-02T00:00:00Z,fe98f02e-f00d-11e5-9f20-c3a047354386
401,Mueller OR Flynn OR Manafort OR Cohen AND lastPublishDateTime:>2016-03-01T00:00:00Z AND lastPublishDateTime:<2016-04-02T00:00:00Z,2a9f4e5e-e526-11e5-bc31-138df2ae9ee6
402,Mueller OR Flynn OR Manafort OR Cohen AND lastPublishDateTime:>2016-03-01T00:00:00Z AND lastPublishDateTime:<2016-04-02T00:00:00Z,adc8c964-ed22-11e5-bb79-2303682345c8
403,Mueller OR Flynn OR Manafort OR Cohen AND lastPublishDateTime:>2016-03-01T00:00:00Z AND lastPublishDateTime:<2016-04-02T00:00:00Z,82a94dec-e6df-11e5-a09b-1f8b0d268c39
404,Mueller OR Flynn OR Manafort OR Cohen AND lastPublishDateTime:>2016-03-01T00:00:00Z AND lastPublishDateTime:<2016-04-02T00:00:00Z,c6e07fb2-e6cb-11e5-a09b-1f8b0d268c39
405,Mueller OR Flynn OR Manafort OR Cohen AND lastPublishDateTime:>2016-03-01T00:00:00Z AND lastPublishDateTime:<2016-04-02T00:00:00Z,53dd3a5c-e228-11e5-9217-6ae3733a2cd1
406,Mueller OR Flynn OR Manafort OR Cohen AND lastPublishDateTime:>2016-03-01T00:00:00Z AND lastPublishDateTime:<2016-04-02T00:00:00Z,d5844078-e13d-11e5-9217-6ae3733a2cd1
407,Mueller OR Flynn OR Manafort OR Cohen AND lastPublishDateTime:>2016-03-01T00:00:00Z AND lastPublishDateTime:<2016-04-02T00:00:00Z,c25b73b8-e0bb-11e5-9217-6ae3733a2cd1
408,Mueller OR Flynn OR Manafort OR Cohen AND lastPublishDateTime:>2016-04-01T00:00:00Z AND lastPublishDateTime:<2016-05-02T00:00:00Z,5346e9e4-0e1f-11e6-ad80-67655613c2d6
409,Mueller OR Flynn OR Manafort OR Cohen AND lastPublishDateTime:>2016-04-01T00:00:00Z AND lastPublishDateTime:<2016-05-02T00:00:00Z,45bd0c90-0b9a-11e6-b0f1-61f222853ff3
410,Mueller OR Flynn OR Manafort OR Cohen AND lastPublishDateTime:>2016-04-01T00:00:00Z AND lastPublishDateTime:<2016-05-02T00:00:00Z,21ff224c-0871-11e6-a623-b84d06a39ec2
411,Mueller OR Flynn OR Manafort OR Cohen AND lastPublishDateTime:>2016-04-01T00:00:00Z AND lastPublishDateTime:<2016-05-02T00:00:00Z,365747cc-07c4-11e6-a623-b84d06a39ec2
412,Mueller OR Flynn OR Manafort OR Cohen AND lastPublishDateTime:>2016-04-01T00:00:00Z AND lastPublishDateTime:<2016-05-02T00:00:00Z,e97bd432-07f9-11e6-b6d3-746f8e9cdd33
413,Mueller OR Flynn OR Manafort OR Cohen AND lastPublishDateTime:>2016-04-01T00:00:00Z AND lastPublishDateTime:<2016-05-02T00:00:00Z,04fca062-07a3-11e6-a70d-4e39ac32c284
414,Mueller OR Flynn OR Manafort OR Cohen AND lastPublishDateTime:>2016-04-01T00:00:00Z AND lastPublishDateTime:<2016-05-02T00:00:00Z,0db34b2a-0622-11e6-9b51-0fb5e65703ce
415,Mueller OR Flynn OR Manafort OR Cohen AND lastPublishDateTime:>2016-04-01T00:00:00Z AND lastPublishDateTime:<2016-05-02T00:00:00Z,960df0a4-02b4-11e6-99cb-83242733f755
416,Mueller OR Flynn OR Manafort OR Cohen AND lastPublishDateTime:>2016-04-01T00:00:00Z AND lastPublishDateTime:<2016-05-02T00:00:00Z,0c3540a2-0260-11e6-99cb-83242733f755
417,Mueller OR Flynn OR Manafort OR Cohen AND lastPublishDateTime:>2016-04-01T00:00:00Z AND lastPublishDateTime:<2016-05-02T00:00:00Z,f4f90b66-01c0-11e6-ac98-3c15a1aa2e62
418,Mueller OR Flynn OR Manafort OR Cohen AND lastPublishDateTime:>2016-04-01T00:00:00Z AND lastPublishDateTime:<2016-05-02T00:00:00Z,8e3c450e-00c2-11e6-99cb-83242733f755
419,Mueller OR Flynn OR Manafort OR Cohen AND lastPublishDateTime:>2016-04-01T00:00:00Z AND lastPublishDateTime:<2016-05-02T00:00:00Z,5a3b661c-fc45-11e5-b5f5-070dca6d0a0d
420,Mueller OR Flynn OR Manafort OR Cohen AND lastPublishDateTime:>2016-05-01T00:00:00Z AND lastPublishDateTime:<2016-06-02T00:00:00Z,9e8c5b9c-225f-11e6-9d4d-c11776a5124d
421,Mueller OR Flynn OR Manafort OR Cohen AND lastPublishDateTime:>2016-05-01T00:00:00Z AND lastPublishDateTime:<2016-06-02T00:00:00Z,38656146-271f-11e6-8ba3-cdd781d02d89
422,Mueller OR Flynn OR Manafort OR Cohen AND lastPublishDateTime:>2016-05-01T00:00:00Z AND lastPublishDateTime:<2016-06-02T00:00:00Z,cad832ea-2339-11e6-aa98-db1e01fabc0c
423,Mueller OR Flynn OR Manafort OR Cohen AND lastPublishDateTime:>2016-05-01T00:00:00Z AND lastPublishDateTime:<2016-06-02T00:00:00Z,c60ce09e-225d-11e6-9d4d-c11776a5124d
424,Mueller OR Flynn OR Manafort OR Cohen AND lastPublishDateTime:>2016-05-01T00:00:00Z AND lastPublishDateTime:<2016-06-02T00:00:00Z,ceb4a17c-1de5-11e6-a7bc-ee846770ec15
425,Mueller OR Flynn OR Manafort OR Cohen AND lastPublishDateTime:>2016-05-01T00:00:00Z AND lastPublishDateTime:<2016-06-02T00:00:00Z,be1cbbc0-1d0d-11e6-b286-cddde55ca122
426,Mueller OR Flynn OR Manafort OR Cohen AND lastPublishDateTime:>2016-05-01T00:00:00Z AND lastPublishDateTime:<2016-06-02T00:00:00Z,df7c17da-1212-11e6-839f-2922947098f0
427,Mueller OR Flynn OR Manafort OR Cohen AND lastPublishDateTime:>2016-05-01T00:00:00Z AND lastPublishDateTime:<2016-06-02T00:00:00Z,17a19b16-1543-11e6-b8d5-4c1fcdbe169f
428,Mueller OR Flynn OR Manafort OR Cohen AND lastPublishDateTime:>2016-05-01T00:00:00Z AND lastPublishDateTime:<2016-06-02T00:00:00Z,028be304-1759-11e6-b197-a4af20d5575e
429,Mueller OR Flynn OR Manafort OR Cohen AND lastPublishDateTime:>2016-05-01T00:00:00Z AND lastPublishDateTime:<2016-06-02T00:00:00Z,58c1fb86-0ad5-11e6-b0f1-61f222853ff3
430,Mueller OR Flynn OR Manafort OR Cohen AND lastPublishDateTime:>2016-05-01T00:00:00Z AND lastPublishDateTime:<2016-06-02T00:00:00Z,372fdf06-1223-11e6-839f-2922947098f0
431,Mueller OR Flynn OR Manafort OR Cohen AND lastPublishDateTime:>2016-05-01T00:00:00Z AND lastPublishDateTime:<2016-06-02T00:00:00Z,66281f1a-137e-11e6-839f-2922947098f0
432,Mueller OR Flynn OR Manafort OR Cohen AND lastPublishDateTime:>2016-05-01T00:00:00Z AND lastPublishDateTime:<2016-06-02T00:00:00Z,e21a373e-137e-11e6-91da-096d89bd2173
433,Mueller OR Flynn OR Manafort OR Cohen AND lastPublishDateTime:>2016-05-01T00:00:00Z AND lastPublishDateTime:<2016-06-02T00:00:00Z,d565cfae-135a-11e6-bb40-c30e3bfcf63b
434,Mueller OR Flynn OR Manafort OR Cohen AND lastPublishDateTime:>2016-05-01T00:00:00Z AND lastPublishDateTime:<2016-06-02T00:00:00Z,f5228f5e-11ab-11e6-91da-096d89bd2173
435,Mueller OR Flynn OR Manafort OR Cohen AND lastPublishDateTime:>2016-05-01T00:00:00Z AND lastPublishDateTime:<2016-06-02T00:00:00Z,5346e9e4-0e1f-11e6-ad80-67655613c2d6
436,Mueller OR Flynn OR Manafort OR Cohen AND lastPublishDateTime:>2016-06-01T00:00:00Z AND lastPublishDateTime:<2016-07-02T00:00:00Z,2c4c90cc-3e59-11e6-8716-a4a71e8140b0
437,Mueller OR Flynn OR Manafort OR Cohen AND lastPublishDateTime:>2016-06-01T00:00:00Z AND lastPublishDateTime:<2016-07-02T00:00:00Z,88fc1efe-3e5f-11e6-8716-a4a71e8140b0
438,Mueller OR Flynn OR Manafort OR Cohen AND lastPublishDateTime:>2016-06-01T00:00:00Z AND lastPublishDateTime:<2016-07-02T00:00:00Z,a1c4937c-3f30-11e6-9f2c-36b487ebd80a
439,Mueller OR Flynn OR Manafort OR Cohen AND lastPublishDateTime:>2016-06-01T00:00:00Z AND lastPublishDateTime:<2016-07-02T00:00:00Z,31bc6a28-37ab-11e6-9a05-82a9b15a8ee7
440,Mueller OR Flynn OR Manafort OR Cohen AND lastPublishDateTime:>2016-06-01T00:00:00Z AND lastPublishDateTime:<2016-07-02T00:00:00Z,ac2a1158-37ff-11e6-a780-b48ed7b6126f
441,Mueller OR Flynn OR Manafort OR Cohen AND lastPublishDateTime:>2016-06-01T00:00:00Z AND lastPublishDateTime:<2016-07-02T00:00:00Z,ea854512-37eb-11e6-a780-b48ed7b6126f
442,Mueller OR Flynn OR Manafort OR Cohen AND lastPublishDateTime:>2016-06-01T00:00:00Z AND lastPublishDateTime:<2016-07-02T00:00:00Z,e3df0712-13a0-11e6-91da-096d89bd2173
443,Mueller OR Flynn OR Manafort OR Cohen AND lastPublishDateTime:>2016-06-01T00:00:00Z AND lastPublishDateTime:<2016-07-02T00:00:00Z,352f6c66-2d4f-11e6-bf8d-26294ad519fc
444,Mueller OR Flynn OR Manafort OR Cohen AND lastPublishDateTime:>2016-06-01T00:00:00Z AND lastPublishDateTime:<2016-07-02T00:00:00Z,3c3c26dc-2d51-11e6-bf8d-26294ad519fc
445,Mueller OR Flynn OR Manafort OR Cohen AND lastPublishDateTime:>2016-06-01T00:00:00Z AND lastPublishDateTime:<2016-07-02T00:00:00Z,c465eaba-2753-11e6-8ba3-cdd781d02d89
446,Mueller OR Flynn OR Manafort OR Cohen AND lastPublishDateTime:>2016-06-01T00:00:00Z AND lastPublishDateTime:<2016-07-02T00:00:00Z,d84454d0-3799-11e6-a780-b48ed7b6126f
447,Mueller OR Flynn OR Manafort OR Cohen AND lastPublishDateTime:>2016-06-01T00:00:00Z AND lastPublishDateTime:<2016-07-02T00:00:00Z,382e05b6-3791-11e6-9a05-82a9b15a8ee7
448,Mueller OR Flynn OR Manafort OR Cohen AND lastPublishDateTime:>2016-06-01T00:00:00Z AND lastPublishDateTime:<2016-07-02T00:00:00Z,1d4f3196-33bf-11e6-ad39-3fee5ffe5b5b
449,Mueller OR Flynn OR Manafort OR Cohen AND lastPublishDateTime:>2016-06-01T00:00:00Z AND lastPublishDateTime:<2016-07-02T00:00:00Z,3431b06a-2f0e-11e6-a18d-a96ab29e3c95
450,Mueller OR Flynn OR Manafort OR Cohen AND lastPublishDateTime:>2016-06-01T00:00:00Z AND lastPublishDateTime:<2016-07-02T00:00:00Z,1323e0d8-2ea9-11e6-bf8d-26294ad519fc
451,Mueller OR Flynn OR Manafort OR Cohen AND lastPublishDateTime:>2016-06-01T00:00:00Z AND lastPublishDateTime:<2016-07-02T00:00:00Z,c99aa62e-27df-11e6-8ba3-cdd781d02d89
452,Mueller OR Flynn OR Manafort OR Cohen AND lastPublishDateTime:>2016-06-01T00:00:00Z AND lastPublishDateTime:<2016-07-02T00:00:00Z,7c6700bc-2976-11e6-8b18-91555f2f4fde
453,Mueller OR Flynn OR Manafort OR Cohen AND lastPublishDateTime:>2016-06-01T00:00:00Z AND lastPublishDateTime:<2016-07-02T00:00:00Z,9e8c5b9c-225f-11e6-9d4d-c11776a5124d
454,Mueller OR Flynn OR Manafort OR Cohen AND lastPublishDateTime:>2016-07-01T00:00:00Z AND lastPublishDateTime:<2016-08-02T00:00:00Z,0421b306-5791-11e6-8d05-4eaa66292c32
455,Mueller OR Flynn OR Manafort OR Cohen AND lastPublishDateTime:>2016-07-01T00:00:00Z AND lastPublishDateTime:<2016-08-02T00:00:00Z,bfdc1f58-54b9-11e6-9664-e0bdc13c3bef
456,Mueller OR Flynn OR Manafort OR Cohen AND lastPublishDateTime:>2016-07-01T00:00:00Z AND lastPublishDateTime:<2016-08-02T00:00:00Z,403d2bda-53f5-11e6-9664-e0bdc13c3bef
457,Mueller OR Flynn OR Manafort OR Cohen AND lastPublishDateTime:>2016-07-01T00:00:00Z AND lastPublishDateTime:<2016-08-02T00:00:00Z,2ab7c882-4da2-11e6-8172-e39ecd3b86fc
458,Mueller OR Flynn OR Manafort OR Cohen AND lastPublishDateTime:>2016-07-01T00:00:00Z AND lastPublishDateTime:<2016-08-02T00:00:00Z,12417818-4f62-11e6-88c5-db83e98a590a
459,Mueller OR Flynn OR Manafort OR Cohen AND lastPublishDateTime:>2016-07-01T00:00:00Z AND lastPublishDateTime:<2016-08-02T00:00:00Z,af887232-4820-11e6-8d68-72e9211e86ab
460,Mueller OR Flynn OR Manafort OR Cohen AND lastPublishDateTime:>2016-07-01T00:00:00Z AND lastPublishDateTime:<2016-08-02T00:00:00Z,83878190-4b64-11e6-88c5-db83e98a590a
461,Mueller OR Flynn OR Manafort OR Cohen AND lastPublishDateTime:>2016-07-01T00:00:00Z AND lastPublishDateTime:<2016-08-02T00:00:00Z,93e490ec-4a6e-11e6-8d68-72e9211e86ab
462,Mueller OR Flynn OR Manafort OR Cohen AND lastPublishDateTime:>2016-07-01T00:00:00Z AND lastPublishDateTime:<2016-08-02T00:00:00Z,d51ca688-481d-11e6-8d68-72e9211e86ab
463,Mueller OR Flynn OR Manafort OR Cohen AND lastPublishDateTime:>2016-07-01T00:00:00Z AND lastPublishDateTime:<2016-08-02T00:00:00Z,cd653e4c-484e-11e6-8d68-72e9211e86ab
464,Mueller OR Flynn OR Manafort OR Cohen AND lastPublishDateTime:>2016-07-01T00:00:00Z AND lastPublishDateTime:<2016-08-02T00:00:00Z,589ea5f2-41ce-11e6-9b66-0712b3873ae1
465,Mueller OR Flynn OR Manafort OR Cohen AND lastPublishDateTime:>2016-07-01T00:00:00Z AND lastPublishDateTime:<2016-08-02T00:00:00Z,41b8f3ee-3c6d-11e6-8716-a4a71e8140b0
466,Mueller OR Flynn OR Manafort OR Cohen AND lastPublishDateTime:>2016-07-01T00:00:00Z AND lastPublishDateTime:<2016-08-02T00:00:00Z,2c4c90cc-3e59-11e6-8716-a4a71e8140b0
467,Mueller OR Flynn OR Manafort OR Cohen AND lastPublishDateTime:>2016-07-01T00:00:00Z AND lastPublishDateTime:<2016-08-02T00:00:00Z,88fc1efe-3e5f-11e6-8716-a4a71e8140b0
468,Mueller OR Flynn OR Manafort OR Cohen AND lastPublishDateTime:>2016-07-01T00:00:00Z AND lastPublishDateTime:<2016-08-02T00:00:00Z,a1c4937c-3f30-11e6-9f2c-36b487ebd80a
469,Mueller OR Flynn OR Manafort OR Cohen AND lastPublishDateTime:>2016-08-01T00:00:00Z AND lastPublishDateTime:<2016-09-02T00:00:00Z,6555cfe4-6b83-11e6-ae5b-a7cc5dd5a28c
470,Mueller OR Flynn OR Manafort OR Cohen AND lastPublishDateTime:>2016-08-01T00:00:00Z AND lastPublishDateTime:<2016-09-02T00:00:00Z,d215a2a0-691a-11e6-a0b1-d87a9fea034f
471,Mueller OR Flynn OR Manafort OR Cohen AND lastPublishDateTime:>2016-08-01T00:00:00Z AND lastPublishDateTime:<2016-09-02T00:00:00Z,cf1e4480-655a-11e6-8310-ecf0bddad227
472,Mueller OR Flynn OR Manafort OR Cohen AND lastPublishDateTime:>2016-08-01T00:00:00Z AND lastPublishDateTime:<2016-09-02T00:00:00Z,295afbe8-6653-11e6-8310-ecf0bddad227
473,Mueller OR Flynn OR Manafort OR Cohen AND lastPublishDateTime:>2016-08-01T00:00:00Z AND lastPublishDateTime:<2016-09-02T00:00:00Z,57cb9762-6496-11e6-8310-ecf0bddad227
474,Mueller OR Flynn OR Manafort OR Cohen AND lastPublishDateTime:>2016-08-01T00:00:00Z AND lastPublishDateTime:<2016-09-02T00:00:00Z,0a706330-5f28-11e6-ae3f-77baadeb1c93
475,Mueller OR Flynn OR Manafort OR Cohen AND lastPublishDateTime:>2016-08-01T00:00:00Z AND lastPublishDateTime:<2016-09-02T00:00:00Z,2e89c604-62ce-11e6-8310-ecf0bddad227
476,Mueller OR Flynn OR Manafort OR Cohen AND lastPublishDateTime:>2016-08-01T00:00:00Z AND lastPublishDateTime:<2016-09-02T00:00:00Z,06f54a48-5e2b-11e6-bb77-a121aa8abd95
477,Mueller OR Flynn OR Manafort OR Cohen AND lastPublishDateTime:>2016-08-01T00:00:00Z AND lastPublishDateTime:<2016-09-02T00:00:00Z,57f2dec2-5e7d-11e6-bb77-a121aa8abd95
478,Mueller OR Flynn OR Manafort OR Cohen AND lastPublishDateTime:>2016-08-01T00:00:00Z AND lastPublishDateTime:<2016-09-02T00:00:00Z,d540d922-58b7-11e6-9f70-badea1b336d4
479,Mueller OR Flynn OR Manafort OR Cohen AND lastPublishDateTime:>2016-08-01T00:00:00Z AND lastPublishDateTime:<2016-09-02T00:00:00Z,fd221ebc-5ac2-11e6-8d05-4eaa66292c32
480,Mueller OR Flynn OR Manafort OR Cohen AND lastPublishDateTime:>2016-08-01T00:00:00Z AND lastPublishDateTime:<2016-09-02T00:00:00Z,3e8e7b06-55d3-11e6-9664-e0bdc13c3bef
481,Mueller OR Flynn OR Manafort OR Cohen AND lastPublishDateTime:>2016-08-01T00:00:00Z AND lastPublishDateTime:<2016-09-02T00:00:00Z,c45248e2-55d5-11e6-9664-e0bdc13c3bef
482,Mueller OR Flynn OR Manafort OR Cohen AND lastPublishDateTime:>2016-08-01T00:00:00Z AND lastPublishDateTime:<2016-09-02T00:00:00Z,0421b306-5791-11e6-8d05-4eaa66292c32
483,Mueller OR Flynn OR Manafort OR Cohen AND lastPublishDateTime:>2016-09-01T00:00:00Z AND lastPublishDateTime:<2016-10-02T00:00:00Z,0ab6dcea-8721-11e6-a75a-0c4dce033ade
484,Mueller OR Flynn OR Manafort OR Cohen AND lastPublishDateTime:>2016-09-01T00:00:00Z AND lastPublishDateTime:<2016-10-02T00:00:00Z,fde0fe1a-84b9-11e6-a29c-6e7d9515ad15
485,Mueller OR Flynn OR Manafort OR Cohen AND lastPublishDateTime:>2016-09-01T00:00:00Z AND lastPublishDateTime:<2016-10-02T00:00:00Z,62bfaeea-8400-11e6-8897-2359a58ac7a5
486,Mueller OR Flynn OR Manafort OR Cohen AND lastPublishDateTime:>2016-09-01T00:00:00Z AND lastPublishDateTime:<2016-10-02T00:00:00Z,d10eadba-80db-11e6-bc52-0c7211ef3198
487,Mueller OR Flynn OR Manafort OR Cohen AND lastPublishDateTime:>2016-09-01T00:00:00Z AND lastPublishDateTime:<2016-10-02T00:00:00Z,0683b4be-8018-11e6-bc52-0c7211ef3198
488,Mueller OR Flynn OR Manafort OR Cohen AND lastPublishDateTime:>2016-09-01T00:00:00Z AND lastPublishDateTime:<2016-10-02T00:00:00Z,1540ca7c-7b91-11e6-ae24-f193b105145e
489,Mueller OR Flynn OR Manafort OR Cohen AND lastPublishDateTime:>2016-09-01T00:00:00Z AND lastPublishDateTime:<2016-10-02T00:00:00Z,7ed96192-7952-11e6-97ae-647294649b28
490,Mueller OR Flynn OR Manafort OR Cohen AND lastPublishDateTime:>2016-09-01T00:00:00Z AND lastPublishDateTime:<2016-10-02T00:00:00Z,1c8383aa-7b65-11e6-ae24-f193b105145e
491,Mueller OR Flynn OR Manafort OR Cohen AND lastPublishDateTime:>2016-09-01T00:00:00Z AND lastPublishDateTime:<2016-10-02T00:00:00Z,f446a112-745f-11e6-bf48-b372cdb1043a
492,Mueller OR Flynn OR Manafort OR Cohen AND lastPublishDateTime:>2016-09-01T00:00:00Z AND lastPublishDateTime:<2016-10-02T00:00:00Z,8c88aafc-6528-11e6-8310-ecf0bddad227
493,Mueller OR Flynn OR Manafort OR Cohen AND lastPublishDateTime:>2016-09-01T00:00:00Z AND lastPublishDateTime:<2016-10-02T00:00:00Z,be19405a-652c-11e6-8310-ecf0bddad227
494,Mueller OR Flynn OR Manafort OR Cohen AND lastPublishDateTime:>2016-09-01T00:00:00Z AND lastPublishDateTime:<2016-10-02T00:00:00Z,6555cfe4-6b83-11e6-ae5b-a7cc5dd5a28c
495,Mueller OR Flynn OR Manafort OR Cohen AND lastPublishDateTime:>2016-10-01T00:00:00Z AND lastPublishDateTime:<2016-11-02T00:00:00Z,ea52a678-9cfb-11e6-8324-be63473ce146
496,Mueller OR Flynn OR Manafort OR Cohen AND lastPublishDateTime:>2016-10-01T00:00:00Z AND lastPublishDateTime:<2016-11-02T00:00:00Z,f080a276-9d2c-11e6-8324-be63473ce146
497,Mueller OR Flynn OR Manafort OR Cohen AND lastPublishDateTime:>2016-10-01T00:00:00Z AND lastPublishDateTime:<2016-11-02T00:00:00Z,ec14e532-9c53-11e6-a6e4-8b8e77dd083a
498,Mueller OR Flynn OR Manafort OR Cohen AND lastPublishDateTime:>2016-10-01T00:00:00Z AND lastPublishDateTime:<2016-11-02T00:00:00Z,6238bd1e-78f1-11e6-97ae-647294649b28
499,Mueller OR Flynn OR Manafort OR Cohen AND lastPublishDateTime:>2016-10-01T00:00:00Z AND lastPublishDateTime:<2016-11-02T00:00:00Z,4d0eab54-966c-11e6-a1dc-bdf38d484582
500,Mueller OR Flynn OR Manafort OR Cohen AND lastPublishDateTime:>2016-10-01T00:00:00Z AND lastPublishDateTime:<2016-11-02T00:00:00Z,5144467e-8ee3-11e6-a72e-b428cb934b78
501,Mueller OR Flynn OR Manafort OR Cohen AND lastPublishDateTime:>2016-10-01T00:00:00Z AND lastPublishDateTime:<2016-11-02T00:00:00Z,0ea7c466-920e-11e6-8df8-d3778b55a923
502,Mueller OR Flynn OR Manafort OR Cohen AND lastPublishDateTime:>2016-10-01T00:00:00Z AND lastPublishDateTime:<2016-11-02T00:00:00Z,bc8745b4-8e91-11e6-8df8-d3778b55a923
503,Mueller OR Flynn OR Manafort OR Cohen AND lastPublishDateTime:>2016-10-01T00:00:00Z AND lastPublishDateTime:<2016-11-02T00:00:00Z,2bd505cc-8fa6-11e6-a72e-b428cb934b78
504,Mueller OR Flynn OR Manafort OR Cohen AND lastPublishDateTime:>2016-10-01T00:00:00Z AND lastPublishDateTime:<2016-11-02T00:00:00Z,a0db63e8-8c81-11e6-8aa5-f79f5696c731
505,Mueller OR Flynn OR Manafort OR Cohen AND lastPublishDateTime:>2016-10-01T00:00:00Z AND lastPublishDateTime:<2016-11-02T00:00:00Z,93a575b2-8be4-11e6-8cb7-e7ada1d123b1
506,Mueller OR Flynn OR Manafort OR Cohen AND lastPublishDateTime:>2016-10-01T00:00:00Z AND lastPublishDateTime:<2016-11-02T00:00:00Z,5035a028-33d7-11e6-bda0-04585c31b153
507,Mueller OR Flynn OR Manafort OR Cohen AND lastPublishDateTime:>2016-11-01T00:00:00Z AND lastPublishDateTime:<2016-12-02T00:00:00Z,faf7f618-b745-11e6-ba85-95d1533d9a62
508,Mueller OR Flynn OR Manafort OR Cohen AND lastPublishDateTime:>2016-11-01T00:00:00Z AND lastPublishDateTime:<2016-12-02T00:00:00Z,1ae4cb0e-b75f-11e6-ba85-95d1533d9a62
509,Mueller OR Flynn OR Manafort OR Cohen AND lastPublishDateTime:>2016-11-01T00:00:00Z AND lastPublishDateTime:<2016-12-02T00:00:00Z,932ee1e6-b735-11e6-ba85-95d1533d9a62
510,Mueller OR Flynn OR Manafort OR Cohen AND lastPublishDateTime:>2016-11-01T00:00:00Z AND lastPublishDateTime:<2016-12-02T00:00:00Z,5e511694-b6a7-11e6-ba85-95d1533d9a62
511,Mueller OR Flynn OR Manafort OR Cohen AND lastPublishDateTime:>2016-11-01T00:00:00Z AND lastPublishDateTime:<2016-12-02T00:00:00Z,3d3096ca-b309-11e6-a37c-f4a01f1b0fa1
512,Mueller OR Flynn OR Manafort OR Cohen AND lastPublishDateTime:>2016-11-01T00:00:00Z AND lastPublishDateTime:<2016-12-02T00:00:00Z,5819fac4-b32e-11e6-9c37-5787335499a0
513,Mueller OR Flynn OR Manafort OR Cohen AND lastPublishDateTime:>2016-11-01T00:00:00Z AND lastPublishDateTime:<2016-12-02T00:00:00Z,204efd0e-ace1-11e6-ba7d-76378e4fef24
514,Mueller OR Flynn OR Manafort OR Cohen AND lastPublishDateTime:>2016-11-01T00:00:00Z AND lastPublishDateTime:<2016-12-02T00:00:00Z,17307eb8-b17e-11e6-a37c-f4a01f1b0fa1
515,Mueller OR Flynn OR Manafort OR Cohen AND lastPublishDateTime:>2016-11-01T00:00:00Z AND lastPublishDateTime:<2016-12-02T00:00:00Z,43692230-b03b-11e6-9c37-5787335499a0
516,Mueller OR Flynn OR Manafort OR Cohen AND lastPublishDateTime:>2016-11-01T00:00:00Z AND lastPublishDateTime:<2016-12-02T00:00:00Z,a9b78e6e-afd7-11e6-9c37-5787335499a0
517,Mueller OR Flynn OR Manafort OR Cohen AND lastPublishDateTime:>2016-11-01T00:00:00Z AND lastPublishDateTime:<2016-12-02T00:00:00Z,8f080124-ad8f-11e6-9cb3-bb8207902122
518,Mueller OR Flynn OR Manafort OR Cohen AND lastPublishDateTime:>2016-11-01T00:00:00Z AND lastPublishDateTime:<2016-12-02T00:00:00Z,ed9bc938-acb7-11e6-9cb3-bb8207902122
519,Mueller OR Flynn OR Manafort OR Cohen AND lastPublishDateTime:>2016-11-01T00:00:00Z AND lastPublishDateTime:<2016-12-02T00:00:00Z,59151fe2-ad9f-11e6-9cb3-bb8207902122
520,Mueller OR Flynn OR Manafort OR Cohen AND lastPublishDateTime:>2016-11-01T00:00:00Z AND lastPublishDateTime:<2016-12-02T00:00:00Z,9d144998-aa57-11e6-a0bb-97f42551dbf4
521,Mueller OR Flynn OR Manafort OR Cohen AND lastPublishDateTime:>2016-11-01T00:00:00Z AND lastPublishDateTime:<2016-12-02T00:00:00Z,e992cfa6-ab6a-11e6-9cb3-bb8207902122
522,Mueller OR Flynn OR Manafort OR Cohen AND lastPublishDateTime:>2016-11-01T00:00:00Z AND lastPublishDateTime:<2016-12-02T00:00:00Z,42c43dfa-8c92-11e6-8cb7-e7ada1d123b1
523,Mueller OR Flynn OR Manafort OR Cohen AND lastPublishDateTime:>2016-11-01T00:00:00Z AND lastPublishDateTime:<2016-12-02T00:00:00Z,7036a09e-ac17-11e6-9cb3-bb8207902122
524,Mueller OR Flynn OR Manafort OR Cohen AND lastPublishDateTime:>2016-11-01T00:00:00Z AND lastPublishDateTime:<2016-12-02T00:00:00Z,4822cbea-ab4b-11e6-9cb3-bb8207902122
525,Mueller OR Flynn OR Manafort OR Cohen AND lastPublishDateTime:>2016-11-01T00:00:00Z AND lastPublishDateTime:<2016-12-02T00:00:00Z,d5b5825e-ab4b-11e6-9cb3-bb8207902122
526,Mueller OR Flynn OR Manafort OR Cohen AND lastPublishDateTime:>2016-11-01T00:00:00Z AND lastPublishDateTime:<2016-12-02T00:00:00Z,94b3eac6-ab4a-11e6-ba7d-76378e4fef24
527,Mueller OR Flynn OR Manafort OR Cohen AND lastPublishDateTime:>2016-11-01T00:00:00Z AND lastPublishDateTime:<2016-12-02T00:00:00Z,6889d8c6-a76b-11e6-8898-79a99e2a4de6
528,Mueller OR Flynn OR Manafort OR Cohen AND lastPublishDateTime:>2016-11-01T00:00:00Z AND lastPublishDateTime:<2016-12-02T00:00:00Z,286c29dc-a6a4-11e6-8898-79a99e2a4de6
529,Mueller OR Flynn OR Manafort OR Cohen AND lastPublishDateTime:>2016-11-01T00:00:00Z AND lastPublishDateTime:<2016-12-02T00:00:00Z,9eb6224c-a806-11e6-8898-79a99e2a4de6
530,Mueller OR Flynn OR Manafort OR Cohen AND lastPublishDateTime:>2016-11-01T00:00:00Z AND lastPublishDateTime:<2016-12-02T00:00:00Z,b3b2d0da-a812-11e6-8b69-02899e8bd9d1
531,Mueller OR Flynn OR Manafort OR Cohen AND lastPublishDateTime:>2016-11-01T00:00:00Z AND lastPublishDateTime:<2016-12-02T00:00:00Z,dfa5da50-a81e-11e6-8898-79a99e2a4de6
532,Mueller OR Flynn OR Manafort OR Cohen AND lastPublishDateTime:>2016-11-01T00:00:00Z AND lastPublishDateTime:<2016-12-02T00:00:00Z,1668b548-a753-11e6-8b69-02899e8bd9d1
533,Mueller OR Flynn OR Manafort OR Cohen AND lastPublishDateTime:>2016-11-01T00:00:00Z AND lastPublishDateTime:<2016-12-02T00:00:00Z,c00aeb2a-a6cc-11e6-8898-79a99e2a4de6
534,Mueller OR Flynn OR Manafort OR Cohen AND lastPublishDateTime:>2016-11-01T00:00:00Z AND lastPublishDateTime:<2016-12-02T00:00:00Z,e7d9dd16-a76a-11e6-8b69-02899e8bd9d1
535,Mueller OR Flynn OR Manafort OR Cohen AND lastPublishDateTime:>2016-11-01T00:00:00Z AND lastPublishDateTime:<2016-12-02T00:00:00Z,51534512-a648-11e6-8b69-02899e8bd9d1
536,Mueller OR Flynn OR Manafort OR Cohen AND lastPublishDateTime:>2016-11-01T00:00:00Z AND lastPublishDateTime:<2016-12-02T00:00:00Z,dc0c5f84-a2cb-11e6-aa83-bcb58d1d2193
537,Mueller OR Flynn OR Manafort OR Cohen AND lastPublishDateTime:>2016-11-01T00:00:00Z AND lastPublishDateTime:<2016-12-02T00:00:00Z,0c628e02-a294-11e6-aa83-bcb58d1d2193
538,Mueller OR Flynn OR Manafort OR Cohen AND lastPublishDateTime:>2016-11-01T00:00:00Z AND lastPublishDateTime:<2016-12-02T00:00:00Z,dc18876e-a27b-11e6-aa83-bcb58d1d2193
539,Mueller OR Flynn OR Manafort OR Cohen AND lastPublishDateTime:>2016-11-01T00:00:00Z AND lastPublishDateTime:<2016-12-02T00:00:00Z,c0052e1e-a14b-11e6-86d5-4e36b35c3550
540,Mueller OR Flynn OR Manafort OR Cohen AND lastPublishDateTime:>2016-11-01T00:00:00Z AND lastPublishDateTime:<2016-12-02T00:00:00Z,ea52a678-9cfb-11e6-8324-be63473ce146
541,Mueller OR Flynn OR Manafort OR Cohen AND lastPublishDateTime:>2016-12-01T00:00:00Z AND lastPublishDateTime:<2017-01-02T00:00:00Z,e7b21738-c5d1-11e6-9043-7e34c07b46ef
542,Mueller OR Flynn OR Manafort OR Cohen AND lastPublishDateTime:>2016-12-01T00:00:00Z AND lastPublishDateTime:<2017-01-02T00:00:00Z,86ecc1d8-cc3d-11e6-b8ce-b9c03770f8b1
543,Mueller OR Flynn OR Manafort OR Cohen AND lastPublishDateTime:>2016-12-01T00:00:00Z AND lastPublishDateTime:<2017-01-02T00:00:00Z,48ff2afa-c6a2-11e6-9043-7e34c07b46ef
544,Mueller OR Flynn OR Manafort OR Cohen AND lastPublishDateTime:>2016-12-01T00:00:00Z AND lastPublishDateTime:<2017-01-02T00:00:00Z,5688120c-c3b1-11e6-9bca-2b93a6856354
545,Mueller OR Flynn OR Manafort OR Cohen AND lastPublishDateTime:>2016-12-01T00:00:00Z AND lastPublishDateTime:<2017-01-02T00:00:00Z,27bcfa5c-c6e8-11e6-8f29-9445cac8966f
546,Mueller OR Flynn OR Manafort OR Cohen AND lastPublishDateTime:>2016-12-01T00:00:00Z AND lastPublishDateTime:<2017-01-02T00:00:00Z,5cb0a162-cb45-11e6-864f-20dcb35cede2
547,Mueller OR Flynn OR Manafort OR Cohen AND lastPublishDateTime:>2016-12-01T00:00:00Z AND lastPublishDateTime:<2017-01-02T00:00:00Z,5169b9ba-c91a-11e6-9043-7e34c07b46ef
548,Mueller OR Flynn OR Manafort OR Cohen AND lastPublishDateTime:>2016-12-01T00:00:00Z AND lastPublishDateTime:<2017-01-02T00:00:00Z,68c666b8-c61c-11e6-8f29-9445cac8966f
549,Mueller OR Flynn OR Manafort OR Cohen AND lastPublishDateTime:>2016-12-01T00:00:00Z AND lastPublishDateTime:<2017-01-02T00:00:00Z,04166d36-be41-11e6-8b45-b8b81dd5d080
550,Mueller OR Flynn OR Manafort OR Cohen AND lastPublishDateTime:>2016-12-01T00:00:00Z AND lastPublishDateTime:<2017-01-02T00:00:00Z,ec89a34a-bc6f-11e6-8b45-b8b81dd5d080
551,Mueller OR Flynn OR Manafort OR Cohen AND lastPublishDateTime:>2016-12-01T00:00:00Z AND lastPublishDateTime:<2017-01-02T00:00:00Z,c3e0aa90-4a98-11e6-8d68-72e9211e86ab
552,Mueller OR Flynn OR Manafort OR Cohen AND lastPublishDateTime:>2016-12-01T00:00:00Z AND lastPublishDateTime:<2017-01-02T00:00:00Z,9253b220-bb03-11e6-8b45-b8b81dd5d080
553,Mueller OR Flynn OR Manafort OR Cohen AND lastPublishDateTime:>2016-12-01T00:00:00Z AND lastPublishDateTime:<2017-01-02T00:00:00Z,cf69b382-bade-11e6-8b45-b8b81dd5d080
554,Mueller OR Flynn OR Manafort OR Cohen AND lastPublishDateTime:>2016-12-01T00:00:00Z AND lastPublishDateTime:<2017-01-02T00:00:00Z,faf7f618-b745-11e6-ba85-95d1533d9a62
555,Mueller OR Flynn OR Manafort OR Cohen AND lastPublishDateTime:>2016-12-01T00:00:00Z AND lastPublishDateTime:<2017-01-02T00:00:00Z,1ae4cb0e-b75f-11e6-ba85-95d1533d9a62
556,Mueller OR Flynn OR Manafort OR Cohen AND lastPublishDateTime:>2017-01-01T00:00:00Z AND lastPublishDateTime:<2017-02-02T00:00:00Z,4149dcd6-e70b-11e6-967b-c88452263daf
557,Mueller OR Flynn OR Manafort OR Cohen AND lastPublishDateTime:>2017-01-01T00:00:00Z AND lastPublishDateTime:<2017-02-02T00:00:00Z,4f6e09cc-e4b3-11e6-9645-c9357a75844a
558,Mueller OR Flynn OR Manafort OR Cohen AND lastPublishDateTime:>2017-01-01T00:00:00Z AND lastPublishDateTime:<2017-02-02T00:00:00Z,ab345d0a-e48c-11e6-9645-c9357a75844a
559,Mueller OR Flynn OR Manafort OR Cohen AND lastPublishDateTime:>2017-01-01T00:00:00Z AND lastPublishDateTime:<2017-02-02T00:00:00Z,d4d7ffee-e3ed-11e6-8405-9e5580d6e5fb
560,Mueller OR Flynn OR Manafort OR Cohen AND lastPublishDateTime:>2017-01-01T00:00:00Z AND lastPublishDateTime:<2017-02-02T00:00:00Z,6b384260-e18b-11e6-9645-c9357a75844a
561,Mueller OR Flynn OR Manafort OR Cohen AND lastPublishDateTime:>2017-01-01T00:00:00Z AND lastPublishDateTime:<2017-02-02T00:00:00Z,76ee4db0-e092-11e6-8405-9e5580d6e5fb
562,Mueller OR Flynn OR Manafort OR Cohen AND lastPublishDateTime:>2017-01-01T00:00:00Z AND lastPublishDateTime:<2017-02-02T00:00:00Z,ff0abaf0-df05-11e6-86ac-f253db7791c6
563,Mueller OR Flynn OR Manafort OR Cohen AND lastPublishDateTime:>2017-01-01T00:00:00Z AND lastPublishDateTime:<2017-02-02T00:00:00Z,321d2330-e053-11e6-9645-c9357a75844a
564,Mueller OR Flynn OR Manafort OR Cohen AND lastPublishDateTime:>2017-01-01T00:00:00Z AND lastPublishDateTime:<2017-02-02T00:00:00Z,eb436c72-dec6-11e6-9d7c-be108f1c1dce
565,Mueller OR Flynn OR Manafort OR Cohen AND lastPublishDateTime:>2017-01-01T00:00:00Z AND lastPublishDateTime:<2017-02-02T00:00:00Z,a4419d2c-dcbd-11e6-86ac-f253db7791c6
566,Mueller OR Flynn OR Manafort OR Cohen AND lastPublishDateTime:>2017-01-01T00:00:00Z AND lastPublishDateTime:<2017-02-02T00:00:00Z,60dddd46-dc74-11e6-9d7c-be108f1c1dce
567,Mueller OR Flynn OR Manafort OR Cohen AND lastPublishDateTime:>2017-01-01T00:00:00Z AND lastPublishDateTime:<2017-02-02T00:00:00Z,cd99b95e-d8ba-11e6-944b-e7eb37a6aa8e
568,Mueller OR Flynn OR Manafort OR Cohen AND lastPublishDateTime:>2017-01-01T00:00:00Z AND lastPublishDateTime:<2017-02-02T00:00:00Z,b266c5e8-dad4-11e6-9d7c-be108f1c1dce
569,Mueller OR Flynn OR Manafort OR Cohen AND lastPublishDateTime:>2017-01-01T00:00:00Z AND lastPublishDateTime:<2017-02-02T00:00:00Z,1d75247a-d60b-11e6-944b-e7eb37a6aa8e
570,Mueller OR Flynn OR Manafort OR Cohen AND lastPublishDateTime:>2017-01-01T00:00:00Z AND lastPublishDateTime:<2017-02-02T00:00:00Z,4d1c292e-d7fc-11e6-944b-e7eb37a6aa8e
571,Mueller OR Flynn OR Manafort OR Cohen AND lastPublishDateTime:>2017-01-01T00:00:00Z AND lastPublishDateTime:<2017-02-02T00:00:00Z,f79ac888-d7bb-11e6-944b-e7eb37a6aa8e
572,Mueller OR Flynn OR Manafort OR Cohen AND lastPublishDateTime:>2017-01-01T00:00:00Z AND lastPublishDateTime:<2017-02-02T00:00:00Z,2584ebdc-d796-11e6-944b-e7eb37a6aa8e
573,Mueller OR Flynn OR Manafort OR Cohen AND lastPublishDateTime:>2017-01-01T00:00:00Z AND lastPublishDateTime:<2017-02-02T00:00:00Z,029ed17c-d7f1-11e6-944b-e7eb37a6aa8e
574,Mueller OR Flynn OR Manafort OR Cohen AND lastPublishDateTime:>2017-01-01T00:00:00Z AND lastPublishDateTime:<2017-02-02T00:00:00Z,c25aeace-d7cd-11e6-944b-e7eb37a6aa8e
575,Mueller OR Flynn OR Manafort OR Cohen AND lastPublishDateTime:>2017-01-01T00:00:00Z AND lastPublishDateTime:<2017-02-02T00:00:00Z,eb2cea1c-cde4-11e6-864f-20dcb35cede2
576,Mueller OR Flynn OR Manafort OR Cohen AND lastPublishDateTime:>2017-01-01T00:00:00Z AND lastPublishDateTime:<2017-02-02T00:00:00Z,e65d0cd6-c6de-11e6-9043-7e34c07b46ef
577,Mueller OR Flynn OR Manafort OR Cohen AND lastPublishDateTime:>2017-01-01T00:00:00Z AND lastPublishDateTime:<2017-02-02T00:00:00Z,56565bae-d338-11e6-b06b-680c49b4b4c0
578,Mueller OR Flynn OR Manafort OR Cohen AND lastPublishDateTime:>2017-02-01T00:00:00Z AND lastPublishDateTime:<2017-03-02T00:00:00Z,35edfb3a-fe79-11e6-96f8-3700c5664d30
579,Mueller OR Flynn OR Manafort OR Cohen AND lastPublishDateTime:>2017-02-01T00:00:00Z AND lastPublishDateTime:<2017-03-02T00:00:00Z,8786cce8-f91e-11e6-bd4e-68d53499ed71
580,Mueller OR Flynn OR Manafort OR Cohen AND lastPublishDateTime:>2017-02-01T00:00:00Z AND lastPublishDateTime:<2017-03-02T00:00:00Z,9e9b9b34-f5f4-11e6-bd4e-68d53499ed71
581,Mueller OR Flynn OR Manafort OR Cohen AND lastPublishDateTime:>2017-02-01T00:00:00Z AND lastPublishDateTime:<2017-03-02T00:00:00Z,7af324c8-f422-11e6-8758-6876151821a6
582,Mueller OR Flynn OR Manafort OR Cohen AND lastPublishDateTime:>2017-02-01T00:00:00Z AND lastPublishDateTime:<2017-03-02T00:00:00Z,1d8a2cc0-f510-11e6-95ee-f14e55513608
583,Mueller OR Flynn OR Manafort OR Cohen AND lastPublishDateTime:>2017-02-01T00:00:00Z AND lastPublishDateTime:<2017-03-02T00:00:00Z,4af5c5b8-f473-11e6-8758-6876151821a6
584,Mueller OR Flynn OR Manafort OR Cohen AND lastPublishDateTime:>2017-02-01T00:00:00Z AND lastPublishDateTime:<2017-03-02T00:00:00Z,b3e7fa5a-f37e-11e6-8758-6876151821a6
585,Mueller OR Flynn OR Manafort OR Cohen AND lastPublishDateTime:>2017-02-01T00:00:00Z AND lastPublishDateTime:<2017-03-02T00:00:00Z,13b62f88-ed3f-11e6-930f-061b01e23655
586,Mueller OR Flynn OR Manafort OR Cohen AND lastPublishDateTime:>2017-02-01T00:00:00Z AND lastPublishDateTime:<2017-03-02T00:00:00Z,efda2ca2-ec69-11e6-930f-061b01e23655
587,Mueller OR Flynn OR Manafort OR Cohen AND lastPublishDateTime:>2017-02-01T00:00:00Z AND lastPublishDateTime:<2017-03-02T00:00:00Z,11629b8c-eb13-11e6-930f-061b01e23655
588,Mueller OR Flynn OR Manafort OR Cohen AND lastPublishDateTime:>2017-03-01T00:00:00Z AND lastPublishDateTime:<2017-04-02T00:00:00Z,5a8a1082-15d0-11e7-80f4-13e067d5072c
589,Mueller OR Flynn OR Manafort OR Cohen AND lastPublishDateTime:>2017-03-01T00:00:00Z AND lastPublishDateTime:<2017-04-02T00:00:00Z,55b00854-e322-11e6-9645-c9357a75844a
590,Mueller OR Flynn OR Manafort OR Cohen AND lastPublishDateTime:>2017-03-01T00:00:00Z AND lastPublishDateTime:<2017-04-02T00:00:00Z,1654f600-0eed-11e7-a88c-50ba212dce4d
591,Mueller OR Flynn OR Manafort OR Cohen AND lastPublishDateTime:>2017-03-01T00:00:00Z AND lastPublishDateTime:<2017-04-02T00:00:00Z,655c67c0-0e83-11e7-b030-768954394623
592,Mueller OR Flynn OR Manafort OR Cohen AND lastPublishDateTime:>2017-03-01T00:00:00Z AND lastPublishDateTime:<2017-04-02T00:00:00Z,63bebce6-0fbf-11e7-a88c-50ba212dce4d
593,Mueller OR Flynn OR Manafort OR Cohen AND lastPublishDateTime:>2017-03-01T00:00:00Z AND lastPublishDateTime:<2017-04-02T00:00:00Z,3d091920-0970-11e7-ac5a-903b21361b43
594,Mueller OR Flynn OR Manafort OR Cohen AND lastPublishDateTime:>2017-03-01T00:00:00Z AND lastPublishDateTime:<2017-04-02T00:00:00Z,a0a3968a-0b06-11e7-ac5a-903b21361b43
595,Mueller OR Flynn OR Manafort OR Cohen AND lastPublishDateTime:>2017-03-01T00:00:00Z AND lastPublishDateTime:<2017-04-02T00:00:00Z,8c4de26e-0366-11e7-ace0-1ce02ef0def9
596,Mueller OR Flynn OR Manafort OR Cohen AND lastPublishDateTime:>2017-03-01T00:00:00Z AND lastPublishDateTime:<2017-04-02T00:00:00Z,f7123078-f376-11e6-95ee-f14e55513608
597,Mueller OR Flynn OR Manafort OR Cohen AND lastPublishDateTime:>2017-03-01T00:00:00Z AND lastPublishDateTime:<2017-04-02T00:00:00Z,358fab32-0317-11e7-ace0-1ce02ef0def9
598,Mueller OR Flynn OR Manafort OR Cohen AND lastPublishDateTime:>2017-03-01T00:00:00Z AND lastPublishDateTime:<2017-04-02T00:00:00Z,35edfb3a-fe79-11e6-96f8-3700c5664d30
599,Mueller OR Flynn OR Manafort OR Cohen AND lastPublishDateTime:>2017-04-01T00:00:00Z AND lastPublishDateTime:<2017-05-02T00:00:00Z,3d19d56c-2897-11e7-bc4b-5528796fe35c
600,Mueller OR Flynn OR Manafort OR Cohen AND lastPublishDateTime:>2017-04-01T00:00:00Z AND lastPublishDateTime:<2017-05-02T00:00:00Z,642f68f0-2a7d-11e7-bc4b-5528796fe35c
601,Mueller OR Flynn OR Manafort OR Cohen AND lastPublishDateTime:>2017-04-01T00:00:00Z AND lastPublishDateTime:<2017-05-02T00:00:00Z,4be55b72-2b88-11e7-bc4b-5528796fe35c
602,Mueller OR Flynn OR Manafort OR Cohen AND lastPublishDateTime:>2017-04-01T00:00:00Z AND lastPublishDateTime:<2017-05-02T00:00:00Z,7c0d7460-2b65-11e7-9ec8-168383da43b7
603,Mueller OR Flynn OR Manafort OR Cohen AND lastPublishDateTime:>2017-04-01T00:00:00Z AND lastPublishDateTime:<2017-05-02T00:00:00Z,68f87e8a-25cd-11e7-a34a-538b4cb30025
604,Mueller OR Flynn OR Manafort OR Cohen AND lastPublishDateTime:>2017-04-01T00:00:00Z AND lastPublishDateTime:<2017-05-02T00:00:00Z,d439cbce-1ddd-11e7-a454-ab04428977f9
605,Mueller OR Flynn OR Manafort OR Cohen AND lastPublishDateTime:>2017-04-01T00:00:00Z AND lastPublishDateTime:<2017-05-02T00:00:00Z,f00dae52-1f8a-11e7-b7d3-163f5a7f229c
606,Mueller OR Flynn OR Manafort OR Cohen AND lastPublishDateTime:>2017-04-01T00:00:00Z AND lastPublishDateTime:<2017-05-02T00:00:00Z,780a1a30-1940-11e7-9c35-0dd2cb31823a
607,Mueller OR Flynn OR Manafort OR Cohen AND lastPublishDateTime:>2017-04-01T00:00:00Z AND lastPublishDateTime:<2017-05-02T00:00:00Z,d903070e-1abf-11e7-bcac-6d03d067f81f
608,Mueller OR Flynn OR Manafort OR Cohen AND lastPublishDateTime:>2017-04-01T00:00:00Z AND lastPublishDateTime:<2017-05-02T00:00:00Z,b88e6830-1969-11e7-9c35-0dd2cb31823a
609,Mueller OR Flynn OR Manafort OR Cohen AND lastPublishDateTime:>2017-04-01T00:00:00Z AND lastPublishDateTime:<2017-05-02T00:00:00Z,1af9114e-1980-11e7-a53d-df09f373be87
610,Mueller OR Flynn OR Manafort OR Cohen AND lastPublishDateTime:>2017-04-01T00:00:00Z AND lastPublishDateTime:<2017-05-02T00:00:00Z,0d6ed900-1980-11e7-9c35-0dd2cb31823a
611,Mueller OR Flynn OR Manafort OR Cohen AND lastPublishDateTime:>2017-04-01T00:00:00Z AND lastPublishDateTime:<2017-05-02T00:00:00Z,4981b99e-15f7-11e7-80f4-13e067d5072c
612,Mueller OR Flynn OR Manafort OR Cohen AND lastPublishDateTime:>2017-05-01T00:00:00Z AND lastPublishDateTime:<2017-06-02T00:00:00Z,d017c690-465f-11e7-8519-9f94ee97d996
613,Mueller OR Flynn OR Manafort OR Cohen AND lastPublishDateTime:>2017-05-01T00:00:00Z AND lastPublishDateTime:<2017-06-02T00:00:00Z,1f0bd066-452f-11e7-8d27-59b4dd6296b8
614,Mueller OR Flynn OR Manafort OR Cohen AND lastPublishDateTime:>2017-05-01T00:00:00Z AND lastPublishDateTime:<2017-06-02T00:00:00Z,9172791a-4396-11e7-8519-9f94ee97d996
615,Mueller OR Flynn OR Manafort OR Cohen AND lastPublishDateTime:>2017-05-01T00:00:00Z AND lastPublishDateTime:<2017-06-02T00:00:00Z,d557d1ee-401b-11e7-82b6-896b95f30f58
616,Mueller OR Flynn OR Manafort OR Cohen AND lastPublishDateTime:>2017-05-01T00:00:00Z AND lastPublishDateTime:<2017-06-02T00:00:00Z,051027ee-3b06-11e7-ac89-b01cc67cfeec
617,Mueller OR Flynn OR Manafort OR Cohen AND lastPublishDateTime:>2017-05-01T00:00:00Z AND lastPublishDateTime:<2017-06-02T00:00:00Z,42f8140a-3b32-11e7-ac89-b01cc67cfeec
618,Mueller OR Flynn OR Manafort OR Cohen AND lastPublishDateTime:>2017-05-01T00:00:00Z AND lastPublishDateTime:<2017-06-02T00:00:00Z,8522ea5e-3b81-11e7-821a-6027b8a20f23
619,Mueller OR Flynn OR Manafort OR Cohen AND lastPublishDateTime:>2017-05-01T00:00:00Z AND lastPublishDateTime:<2017-06-02T00:00:00Z,541d8f8e-3a3e-11e7-821a-6027b8a20f23
620,Mueller OR Flynn OR Manafort OR Cohen AND lastPublishDateTime:>2017-05-01T00:00:00Z AND lastPublishDateTime:<2017-06-02T00:00:00Z,435c5928-3647-11e7-bce4-9023f8c0fd2e
621,Mueller OR Flynn OR Manafort OR Cohen AND lastPublishDateTime:>2017-05-01T00:00:00Z AND lastPublishDateTime:<2017-06-02T00:00:00Z,943cb79e-3399-11e7-bce4-9023f8c0fd2e
622,Mueller OR Flynn OR Manafort OR Cohen AND lastPublishDateTime:>2017-05-01T00:00:00Z AND lastPublishDateTime:<2017-06-02T00:00:00Z,a82dee62-3119-11e7-9555-23ef563ecf9a
623,Mueller OR Flynn OR Manafort OR Cohen AND lastPublishDateTime:>2017-06-01T00:00:00Z AND lastPublishDateTime:<2017-07-02T00:00:00Z,b7a00096-5b1d-11e7-9bc8-8055f264aa8b
624,Mueller OR Flynn OR Manafort OR Cohen AND lastPublishDateTime:>2017-06-01T00:00:00Z AND lastPublishDateTime:<2017-07-02T00:00:00Z,83bf9a26-5b6c-11e7-b553-e2df1b0c3220
625,Mueller OR Flynn OR Manafort OR Cohen AND lastPublishDateTime:>2017-06-01T00:00:00Z AND lastPublishDateTime:<2017-07-02T00:00:00Z,43a5a086-57a0-11e7-9fed-c19e2700005f
626,Mueller OR Flynn OR Manafort OR Cohen AND lastPublishDateTime:>2017-06-01T00:00:00Z AND lastPublishDateTime:<2017-07-02T00:00:00Z,2f15a520-579c-11e7-9fed-c19e2700005f
627,Mueller OR Flynn OR Manafort OR Cohen AND lastPublishDateTime:>2017-06-01T00:00:00Z AND lastPublishDateTime:<2017-07-02T00:00:00Z,effe8188-4ac4-11e7-a3f4-c742b9791d43
628,Mueller OR Flynn OR Manafort OR Cohen AND lastPublishDateTime:>2017-06-01T00:00:00Z AND lastPublishDateTime:<2017-07-02T00:00:00Z,cd046f4c-3afe-11e7-ac89-b01cc67cfeec
629,Mueller OR Flynn OR Manafort OR Cohen AND lastPublishDateTime:>2017-06-01T00:00:00Z AND lastPublishDateTime:<2017-07-02T00:00:00Z,59723e02-5542-11e7-9fed-c19e2700005f
630,Mueller OR Flynn OR Manafort OR Cohen AND lastPublishDateTime:>2017-06-01T00:00:00Z AND lastPublishDateTime:<2017-07-02T00:00:00Z,377a4f8a-52a2-11e7-bfb8-997009366969
631,Mueller OR Flynn OR Manafort OR Cohen AND lastPublishDateTime:>2017-06-01T00:00:00Z AND lastPublishDateTime:<2017-07-02T00:00:00Z,28b37342-50f8-11e7-bfb8-997009366969
632,Mueller OR Flynn OR Manafort OR Cohen AND lastPublishDateTime:>2017-06-01T00:00:00Z AND lastPublishDateTime:<2017-07-02T00:00:00Z,95bbe172-4b99-11e7-919a-1e14ce4af89b
633,Mueller OR Flynn OR Manafort OR Cohen AND lastPublishDateTime:>2017-06-01T00:00:00Z AND lastPublishDateTime:<2017-07-02T00:00:00Z,2973b060-1aef-11e7-a266-12672483791a
634,Mueller OR Flynn OR Manafort OR Cohen AND lastPublishDateTime:>2017-06-01T00:00:00Z AND lastPublishDateTime:<2017-07-02T00:00:00Z,afed391e-4780-11e7-8d27-59b4dd6296b8
635,Mueller OR Flynn OR Manafort OR Cohen AND lastPublishDateTime:>2017-06-01T00:00:00Z AND lastPublishDateTime:<2017-07-02T00:00:00Z,9aecde2a-49f6-11e7-a3f4-c742b9791d43
636,Mueller OR Flynn OR Manafort OR Cohen AND lastPublishDateTime:>2017-06-01T00:00:00Z AND lastPublishDateTime:<2017-07-02T00:00:00Z,99508f9a-4784-11e7-8519-9f94ee97d996
637,Mueller OR Flynn OR Manafort OR Cohen AND lastPublishDateTime:>2017-06-01T00:00:00Z AND lastPublishDateTime:<2017-07-02T00:00:00Z,cfd9c30e-4065-11e7-82b6-896b95f30f58
638,Mueller OR Flynn OR Manafort OR Cohen AND lastPublishDateTime:>2017-06-01T00:00:00Z AND lastPublishDateTime:<2017-07-02T00:00:00Z,d017c690-465f-11e7-8519-9f94ee97d996
639,Mueller OR Flynn OR Manafort OR Cohen AND lastPublishDateTime:>2017-07-01T00:00:00Z AND lastPublishDateTime:<2017-08-02T00:00:00Z,83f4e562-65be-11e7-9a66-93fb352ba1fe
640,Mueller OR Flynn OR Manafort OR Cohen AND lastPublishDateTime:>2017-07-01T00:00:00Z AND lastPublishDateTime:<2017-08-02T00:00:00Z,bda1dabe-73af-11e7-aca6-c6bd07df1a3c
641,Mueller OR Flynn OR Manafort OR Cohen AND lastPublishDateTime:>2017-07-01T00:00:00Z AND lastPublishDateTime:<2017-08-02T00:00:00Z,ba150aa4-732a-11e7-93ff-99f383b09ff9
642,Mueller OR Flynn OR Manafort OR Cohen AND lastPublishDateTime:>2017-07-01T00:00:00Z AND lastPublishDateTime:<2017-08-02T00:00:00Z,dcdf822e-712e-11e7-93ff-99f383b09ff9
643,Mueller OR Flynn OR Manafort OR Cohen AND lastPublishDateTime:>2017-07-01T00:00:00Z AND lastPublishDateTime:<2017-08-02T00:00:00Z,3dffb18c-7332-11e7-aca6-c6bd07df1a3c
644,Mueller OR Flynn OR Manafort OR Cohen AND lastPublishDateTime:>2017-07-01T00:00:00Z AND lastPublishDateTime:<2017-08-02T00:00:00Z,218806c6-726f-11e7-aca6-c6bd07df1a3c
645,Mueller OR Flynn OR Manafort OR Cohen AND lastPublishDateTime:>2017-07-01T00:00:00Z AND lastPublishDateTime:<2017-08-02T00:00:00Z,c7f09414-726b-11e7-aca6-c6bd07df1a3c
646,Mueller OR Flynn OR Manafort OR Cohen AND lastPublishDateTime:>2017-07-01T00:00:00Z AND lastPublishDateTime:<2017-08-02T00:00:00Z,0ea5ad3a-725e-11e7-93ff-99f383b09ff9
647,Mueller OR Flynn OR Manafort OR Cohen AND lastPublishDateTime:>2017-07-01T00:00:00Z AND lastPublishDateTime:<2017-08-02T00:00:00Z,f57c07b4-6d35-11e7-bfeb-33fe0c5b7eaa
648,Mueller OR Flynn OR Manafort OR Cohen AND lastPublishDateTime:>2017-07-01T00:00:00Z AND lastPublishDateTime:<2017-08-02T00:00:00Z,a527c35e-6d3d-11e7-bfeb-33fe0c5b7eaa
649,Mueller OR Flynn OR Manafort OR Cohen AND lastPublishDateTime:>2017-07-01T00:00:00Z AND lastPublishDateTime:<2017-08-02T00:00:00Z,5b8bb3b0-6aca-11e7-b9c7-15af748b60d0
650,Mueller OR Flynn OR Manafort OR Cohen AND lastPublishDateTime:>2017-07-01T00:00:00Z AND lastPublishDateTime:<2017-08-02T00:00:00Z,c5aa195c-67a6-11e7-8526-7b38dcaef614
651,Mueller OR Flynn OR Manafort OR Cohen AND lastPublishDateTime:>2017-07-01T00:00:00Z AND lastPublishDateTime:<2017-08-02T00:00:00Z,efa5c00c-62f7-11e7-91a7-502f7ee26895
652,Mueller OR Flynn OR Manafort OR Cohen AND lastPublishDateTime:>2017-07-01T00:00:00Z AND lastPublishDateTime:<2017-08-02T00:00:00Z,b3f028a8-6564-11e7-9a66-93fb352ba1fe
653,Mueller OR Flynn OR Manafort OR Cohen AND lastPublishDateTime:>2017-07-01T00:00:00Z AND lastPublishDateTime:<2017-08-02T00:00:00Z,20fdbe88-61c3-11e7-91a7-502f7ee26895
654,Mueller OR Flynn OR Manafort OR Cohen AND lastPublishDateTime:>2017-08-01T00:00:00Z AND lastPublishDateTime:<2017-09-02T00:00:00Z,dd498b94-8ea5-11e7-a352-e46f43c5825d
655,Mueller OR Flynn OR Manafort OR Cohen AND lastPublishDateTime:>2017-08-01T00:00:00Z AND lastPublishDateTime:<2017-09-02T00:00:00Z,8174266c-7eb0-11e7-ab01-a13271d1ee9c
656,Mueller OR Flynn OR Manafort OR Cohen AND lastPublishDateTime:>2017-08-01T00:00:00Z AND lastPublishDateTime:<2017-09-02T00:00:00Z,66957968-8c98-11e7-9084-d0c17942ba93
657,Mueller OR Flynn OR Manafort OR Cohen AND lastPublishDateTime:>2017-08-01T00:00:00Z AND lastPublishDateTime:<2017-09-02T00:00:00Z,a5c2efbc-8c2a-11e7-a352-e46f43c5825d
658,Mueller OR Flynn OR Manafort OR Cohen AND lastPublishDateTime:>2017-08-01T00:00:00Z AND lastPublishDateTime:<2017-09-02T00:00:00Z,d86ad460-8802-11e7-bf50-e1c239b45787
659,Mueller OR Flynn OR Manafort OR Cohen AND lastPublishDateTime:>2017-08-01T00:00:00Z AND lastPublishDateTime:<2017-09-02T00:00:00Z,03790572-8aed-11e7-a352-e46f43c5825d
660,Mueller OR Flynn OR Manafort OR Cohen AND lastPublishDateTime:>2017-08-01T00:00:00Z AND lastPublishDateTime:<2017-09-02T00:00:00Z,0c1d0e36-87ea-11e7-afd2-74b8ecd34d3b
661,Mueller OR Flynn OR Manafort OR Cohen AND lastPublishDateTime:>2017-08-01T00:00:00Z AND lastPublishDateTime:<2017-09-02T00:00:00Z,9fa24742-80d9-11e7-94e2-c5b903247afd
662,Mueller OR Flynn OR Manafort OR Cohen AND lastPublishDateTime:>2017-08-01T00:00:00Z AND lastPublishDateTime:<2017-09-02T00:00:00Z,3da52d12-829f-11e7-a4ce-15b2513cb3ff
663,Mueller OR Flynn OR Manafort OR Cohen AND lastPublishDateTime:>2017-08-01T00:00:00Z AND lastPublishDateTime:<2017-09-02T00:00:00Z,670ab66c-7deb-11e7-ab01-a13271d1ee9c
664,Mueller OR Flynn OR Manafort OR Cohen AND lastPublishDateTime:>2017-08-01T00:00:00Z AND lastPublishDateTime:<2017-09-02T00:00:00Z,c66b9eb8-7888-11e7-90c0-90a9d1bc9691
665,Mueller OR Flynn OR Manafort OR Cohen AND lastPublishDateTime:>2017-08-01T00:00:00Z AND lastPublishDateTime:<2017-09-02T00:00:00Z,63f15398-77e0-11e7-90c0-90a9d1bc9691
666,Mueller OR Flynn OR Manafort OR Cohen AND lastPublishDateTime:>2017-08-01T00:00:00Z AND lastPublishDateTime:<2017-09-02T00:00:00Z,1ea34d4e-75fd-11e7-a3e8-60495fe6ca71
667,Mueller OR Flynn OR Manafort OR Cohen AND lastPublishDateTime:>2017-08-01T00:00:00Z AND lastPublishDateTime:<2017-09-02T00:00:00Z,3e524b02-7618-11e7-90c0-90a9d1bc9691
668,Mueller OR Flynn OR Manafort OR Cohen AND lastPublishDateTime:>2017-08-01T00:00:00Z AND lastPublishDateTime:<2017-09-02T00:00:00Z,83f4e562-65be-11e7-9a66-93fb352ba1fe
669,Mueller OR Flynn OR Manafort OR Cohen AND lastPublishDateTime:>2017-09-01T00:00:00Z AND lastPublishDateTime:<2017-10-02T00:00:00Z,9ab4e3bc-a2ac-11e7-b797-b61809486fe2
670,Mueller OR Flynn OR Manafort OR Cohen AND lastPublishDateTime:>2017-09-01T00:00:00Z AND lastPublishDateTime:<2017-10-02T00:00:00Z,e51eb5ee-9fb5-11e7-9a86-4d5a475ba4c5
671,Mueller OR Flynn OR Manafort OR Cohen AND lastPublishDateTime:>2017-09-01T00:00:00Z AND lastPublishDateTime:<2017-10-02T00:00:00Z,d436b5e2-9c86-11e7-9a86-4d5a475ba4c5
672,Mueller OR Flynn OR Manafort OR Cohen AND lastPublishDateTime:>2017-09-01T00:00:00Z AND lastPublishDateTime:<2017-10-02T00:00:00Z,55df4842-9de6-11e7-8b50-0b9f565a23e1
673,Mueller OR Flynn OR Manafort OR Cohen AND lastPublishDateTime:>2017-09-01T00:00:00Z AND lastPublishDateTime:<2017-10-02T00:00:00Z,551dbeda-9944-11e7-8c5c-c8d8fa6961bb
674,Mueller OR Flynn OR Manafort OR Cohen AND lastPublishDateTime:>2017-09-01T00:00:00Z AND lastPublishDateTime:<2017-10-02T00:00:00Z,4415bcba-970e-11e7-b83c-9588e51488a0
675,Mueller OR Flynn OR Manafort OR Cohen AND lastPublishDateTime:>2017-09-01T00:00:00Z AND lastPublishDateTime:<2017-10-02T00:00:00Z,0629c3f6-9943-11e7-a652-cde3f882dd7b
676,Mueller OR Flynn OR Manafort OR Cohen AND lastPublishDateTime:>2017-09-01T00:00:00Z AND lastPublishDateTime:<2017-10-02T00:00:00Z,d84f1a62-921c-11e7-bdfa-eda243196c2c
677,Mueller OR Flynn OR Manafort OR Cohen AND lastPublishDateTime:>2017-09-01T00:00:00Z AND lastPublishDateTime:<2017-10-02T00:00:00Z,fbbdac24-9358-11e7-a9e6-11d2f0ebb7f0
678,Mueller OR Flynn OR Manafort OR Cohen AND lastPublishDateTime:>2017-09-01T00:00:00Z AND lastPublishDateTime:<2017-10-02T00:00:00Z,f4e51ae6-9181-11e7-83ab-f4624cccbabe
679,Mueller OR Flynn OR Manafort OR Cohen AND lastPublishDateTime:>2017-09-01T00:00:00Z AND lastPublishDateTime:<2017-10-02T00:00:00Z,31c83bc4-9221-11e7-83ab-f4624cccbabe
680,Mueller OR Flynn OR Manafort OR Cohen AND lastPublishDateTime:>2017-09-01T00:00:00Z AND lastPublishDateTime:<2017-10-02T00:00:00Z,3ae048cc-934e-11e7-a9e6-11d2f0ebb7f0
681,Mueller OR Flynn OR Manafort OR Cohen AND lastPublishDateTime:>2017-09-01T00:00:00Z AND lastPublishDateTime:<2017-10-02T00:00:00Z,b4a71ab6-8ffa-11e7-a9e6-11d2f0ebb7f0
682,Mueller OR Flynn OR Manafort OR Cohen AND lastPublishDateTime:>2017-09-01T00:00:00Z AND lastPublishDateTime:<2017-10-02T00:00:00Z,64bbfac0-89ac-11e7-8bb1-5ba57d47eff7
683,Mueller OR Flynn OR Manafort OR Cohen AND lastPublishDateTime:>2017-09-01T00:00:00Z AND lastPublishDateTime:<2017-10-02T00:00:00Z,dd498b94-8ea5-11e7-a352-e46f43c5825d
684,Mueller OR Flynn OR Manafort OR Cohen AND lastPublishDateTime:>2017-10-01T00:00:00Z AND lastPublishDateTime:<2017-11-02T00:00:00Z,51092eee-962c-11e7-8c5c-c8d8fa6961bb
685,Mueller OR Flynn OR Manafort OR Cohen AND lastPublishDateTime:>2017-10-01T00:00:00Z AND lastPublishDateTime:<2017-11-02T00:00:00Z,8a02b250-b7e3-11e7-bff8-f9946607a6ba
686,Mueller OR Flynn OR Manafort OR Cohen AND lastPublishDateTime:>2017-10-01T00:00:00Z AND lastPublishDateTime:<2017-11-02T00:00:00Z,8aac879a-b5bc-11e7-a398-73d59db9e399
687,Mueller OR Flynn OR Manafort OR Cohen AND lastPublishDateTime:>2017-10-01T00:00:00Z AND lastPublishDateTime:<2017-11-02T00:00:00Z,6aea4572-b49b-11e7-a398-73d59db9e399
688,Mueller OR Flynn OR Manafort OR Cohen AND lastPublishDateTime:>2017-10-01T00:00:00Z AND lastPublishDateTime:<2017-11-02T00:00:00Z,b87840ee-b006-11e7-aab9-abaa44b1e130
689,Mueller OR Flynn OR Manafort OR Cohen AND lastPublishDateTime:>2017-10-01T00:00:00Z AND lastPublishDateTime:<2017-11-02T00:00:00Z,7f999cba-b47e-11e7-a398-73d59db9e399
690,Mueller OR Flynn OR Manafort OR Cohen AND lastPublishDateTime:>2017-10-01T00:00:00Z AND lastPublishDateTime:<2017-11-02T00:00:00Z,3f9262d2-b276-11e7-a398-73d59db9e399
691,Mueller OR Flynn OR Manafort OR Cohen AND lastPublishDateTime:>2017-10-01T00:00:00Z AND lastPublishDateTime:<2017-11-02T00:00:00Z,557df01a-a9cb-11e7-ab66-21cc87a2edde
692,Mueller OR Flynn OR Manafort OR Cohen AND lastPublishDateTime:>2017-10-01T00:00:00Z AND lastPublishDateTime:<2017-11-02T00:00:00Z,f008df5a-b1aa-11e7-a398-73d59db9e399
693,Mueller OR Flynn OR Manafort OR Cohen AND lastPublishDateTime:>2017-10-01T00:00:00Z AND lastPublishDateTime:<2017-11-02T00:00:00Z,7e4eff98-b001-11e7-aab9-abaa44b1e130
694,Mueller OR Flynn OR Manafort OR Cohen AND lastPublishDateTime:>2017-10-01T00:00:00Z AND lastPublishDateTime:<2017-11-02T00:00:00Z,823c1e22-a829-11e7-ab55-27219df83c97
695,Mueller OR Flynn OR Manafort OR Cohen AND lastPublishDateTime:>2017-10-01T00:00:00Z AND lastPublishDateTime:<2017-11-02T00:00:00Z,e09e3874-a9eb-11e7-93c5-648314d2c72c
696,Mueller OR Flynn OR Manafort OR Cohen AND lastPublishDateTime:>2017-10-01T00:00:00Z AND lastPublishDateTime:<2017-11-02T00:00:00Z,f927e2f0-a9b4-11e7-ab55-27219df83c97
697,Mueller OR Flynn OR Manafort OR Cohen AND lastPublishDateTime:>2017-10-01T00:00:00Z AND lastPublishDateTime:<2017-11-02T00:00:00Z,1675fabe-aa9f-11e7-ab66-21cc87a2edde
698,Mueller OR Flynn OR Manafort OR Cohen AND lastPublishDateTime:>2017-10-01T00:00:00Z AND lastPublishDateTime:<2017-11-02T00:00:00Z,9167466c-a9e4-11e7-ab66-21cc87a2edde
699,Mueller OR Flynn OR Manafort OR Cohen AND lastPublishDateTime:>2017-11-01T00:00:00Z AND lastPublishDateTime:<2017-12-02T00:00:00Z,3bcfde58-d630-11e7-8c9a-d9c0a5c8d5c9
700,Mueller OR Flynn OR Manafort OR Cohen AND lastPublishDateTime:>2017-11-01T00:00:00Z AND lastPublishDateTime:<2017-12-02T00:00:00Z,03025382-d638-11e7-8c9a-d9c0a5c8d5c9
701,Mueller OR Flynn OR Manafort OR Cohen AND lastPublishDateTime:>2017-11-01T00:00:00Z AND lastPublishDateTime:<2017-12-02T00:00:00Z,805e913e-d62d-11e7-8c9a-d9c0a5c8d5c9
702,Mueller OR Flynn OR Manafort OR Cohen AND lastPublishDateTime:>2017-11-01T00:00:00Z AND lastPublishDateTime:<2017-12-02T00:00:00Z,6d40694a-c92d-11e7-8536-d321d0d897a3
703,Mueller OR Flynn OR Manafort OR Cohen AND lastPublishDateTime:>2017-11-01T00:00:00Z AND lastPublishDateTime:<2017-12-02T00:00:00Z,150b9338-c939-11e7-aa33-c63fdc9b8c6c
704,Mueller OR Flynn OR Manafort OR Cohen AND lastPublishDateTime:>2017-11-01T00:00:00Z AND lastPublishDateTime:<2017-12-02T00:00:00Z,f04128de-c4a5-11e7-b2bb-322b2cb39656
705,Mueller OR Flynn OR Manafort OR Cohen AND lastPublishDateTime:>2017-11-01T00:00:00Z AND lastPublishDateTime:<2017-12-02T00:00:00Z,d75d3cdc-cb89-11e7-ab18-7a9fb7d6163e
706,Mueller OR Flynn OR Manafort OR Cohen AND lastPublishDateTime:>2017-11-01T00:00:00Z AND lastPublishDateTime:<2017-12-02T00:00:00Z,eb35c06e-cae7-11e7-ab18-7a9fb7d6163e
707,Mueller OR Flynn OR Manafort OR Cohen AND lastPublishDateTime:>2017-11-01T00:00:00Z AND lastPublishDateTime:<2017-12-02T00:00:00Z,45bc40da-cab1-11e7-ab18-7a9fb7d6163e
708,Mueller OR Flynn OR Manafort OR Cohen AND lastPublishDateTime:>2017-11-01T00:00:00Z AND lastPublishDateTime:<2017-12-02T00:00:00Z,a821f0ee-ca11-11e7-aa33-c63fdc9b8c6c
709,Mueller OR Flynn OR Manafort OR Cohen AND lastPublishDateTime:>2017-11-01T00:00:00Z AND lastPublishDateTime:<2017-12-02T00:00:00Z,635b1266-c560-11e7-a1d2-6786f39ef675
710,Mueller OR Flynn OR Manafort OR Cohen AND lastPublishDateTime:>2017-11-01T00:00:00Z AND lastPublishDateTime:<2017-12-02T00:00:00Z,2e1ff08a-c506-11e7-a1d2-6786f39ef675
711,Mueller OR Flynn OR Manafort OR Cohen AND lastPublishDateTime:>2017-11-01T00:00:00Z AND lastPublishDateTime:<2017-12-02T00:00:00Z,eb2d7f88-c4d1-11e7-a1d2-6786f39ef675
712,Mueller OR Flynn OR Manafort OR Cohen AND lastPublishDateTime:>2017-11-01T00:00:00Z AND lastPublishDateTime:<2017-12-02T00:00:00Z,824929b4-c471-11e7-a1d2-6786f39ef675
713,Mueller OR Flynn OR Manafort OR Cohen AND lastPublishDateTime:>2017-11-01T00:00:00Z AND lastPublishDateTime:<2017-12-02T00:00:00Z,43e02fce-c0a7-11e7-b8a3-38a6e068f464
714,Mueller OR Flynn OR Manafort OR Cohen AND lastPublishDateTime:>2017-11-01T00:00:00Z AND lastPublishDateTime:<2017-12-02T00:00:00Z,46c12cc2-c0a5-11e7-b8a3-38a6e068f464
715,Mueller OR Flynn OR Manafort OR Cohen AND lastPublishDateTime:>2017-11-01T00:00:00Z AND lastPublishDateTime:<2017-12-02T00:00:00Z,51092eee-962c-11e7-8c5c-c8d8fa6961bb
716,Mueller OR Flynn OR Manafort OR Cohen AND lastPublishDateTime:>2017-12-01T00:00:00Z AND lastPublishDateTime:<2018-01-02T00:00:00Z,f05aa58e-e692-11e7-97e2-916d4fbac0da
717,Mueller OR Flynn OR Manafort OR Cohen AND lastPublishDateTime:>2017-12-01T00:00:00Z AND lastPublishDateTime:<2018-01-02T00:00:00Z,7df51836-e367-11e7-97e2-916d4fbac0da
718,Mueller OR Flynn OR Manafort OR Cohen AND lastPublishDateTime:>2017-12-01T00:00:00Z AND lastPublishDateTime:<2018-01-02T00:00:00Z,cb848716-e084-11e7-a8a4-0a1e63a52f9c
719,Mueller OR Flynn OR Manafort OR Cohen AND lastPublishDateTime:>2017-12-01T00:00:00Z AND lastPublishDateTime:<2018-01-02T00:00:00Z,c6ead8d2-dfb6-11e7-a8a4-0a1e63a52f9c
720,Mueller OR Flynn OR Manafort OR Cohen AND lastPublishDateTime:>2017-12-01T00:00:00Z AND lastPublishDateTime:<2018-01-02T00:00:00Z,91ad89be-c619-11e7-b30e-a7c1c7c13aab
721,Mueller OR Flynn OR Manafort OR Cohen AND lastPublishDateTime:>2017-12-01T00:00:00Z AND lastPublishDateTime:<2018-01-02T00:00:00Z,f82a68d8-ce2a-11e7-9dbb-291a884dd8c6
722,Mueller OR Flynn OR Manafort OR Cohen AND lastPublishDateTime:>2017-12-01T00:00:00Z AND lastPublishDateTime:<2018-01-02T00:00:00Z,6d342fca-db4a-11e7-a039-c64b1c09b482
723,Mueller OR Flynn OR Manafort OR Cohen AND lastPublishDateTime:>2017-12-01T00:00:00Z AND lastPublishDateTime:<2018-01-02T00:00:00Z,56bc520c-d5d9-11e7-a303-9060cb1e5f44
724,Mueller OR Flynn OR Manafort OR Cohen AND lastPublishDateTime:>2017-12-01T00:00:00Z AND lastPublishDateTime:<2018-01-02T00:00:00Z,3bcfde58-d630-11e7-8c9a-d9c0a5c8d5c9
725,Mueller OR Flynn OR Manafort OR Cohen AND lastPublishDateTime:>2017-12-01T00:00:00Z AND lastPublishDateTime:<2018-01-02T00:00:00Z,03025382-d638-11e7-8c9a-d9c0a5c8d5c9
726,Mueller OR Flynn OR Manafort OR Cohen AND lastPublishDateTime:>2017-12-01T00:00:00Z AND lastPublishDateTime:<2018-01-02T00:00:00Z,805e913e-d62d-11e7-8c9a-d9c0a5c8d5c9
727,Mueller OR Flynn OR Manafort OR Cohen AND lastPublishDateTime:>2017-12-01T00:00:00Z AND lastPublishDateTime:<2018-01-02T00:00:00Z,6d40694a-c92d-11e7-8536-d321d0d897a3
728,Mueller OR Flynn OR Manafort OR Cohen AND lastPublishDateTime:>2018-01-01T00:00:00Z AND lastPublishDateTime:<2018-02-02T00:00:00Z,af825948-06d2-11e8-9650-9c0ad2d7c5b5
729,Mueller OR Flynn OR Manafort OR Cohen AND lastPublishDateTime:>2018-01-01T00:00:00Z AND lastPublishDateTime:<2018-02-02T00:00:00Z,b887b072-d691-11e7-8c9a-d9c0a5c8d5c9
730,Mueller OR Flynn OR Manafort OR Cohen AND lastPublishDateTime:>2018-01-01T00:00:00Z AND lastPublishDateTime:<2018-02-02T00:00:00Z,e9ae21ec-05d3-11e8-9650-9c0ad2d7c5b5
731,Mueller OR Flynn OR Manafort OR Cohen AND lastPublishDateTime:>2018-01-01T00:00:00Z AND lastPublishDateTime:<2018-02-02T00:00:00Z,713a378c-01d7-11e8-9650-9c0ad2d7c5b5
732,Mueller OR Flynn OR Manafort OR Cohen AND lastPublishDateTime:>2018-01-01T00:00:00Z AND lastPublishDateTime:<2018-02-02T00:00:00Z,b6928fee-fbd5-11e7-9b32-d7d59aace167
733,Mueller OR Flynn OR Manafort OR Cohen AND lastPublishDateTime:>2018-01-01T00:00:00Z AND lastPublishDateTime:<2018-02-02T00:00:00Z,ede00b8e-f6da-11e7-8715-e94187b3017e
734,Mueller OR Flynn OR Manafort OR Cohen AND lastPublishDateTime:>2018-01-01T00:00:00Z AND lastPublishDateTime:<2018-02-02T00:00:00Z,94733ad0-f793-11e7-88f7-5465a6ce1a00
735,Mueller OR Flynn OR Manafort OR Cohen AND lastPublishDateTime:>2018-01-01T00:00:00Z AND lastPublishDateTime:<2018-02-02T00:00:00Z,7bf9c734-f5fa-11e7-88f7-5465a6ce1a00
736,Mueller OR Flynn OR Manafort OR Cohen AND lastPublishDateTime:>2018-01-01T00:00:00Z AND lastPublishDateTime:<2018-02-02T00:00:00Z,accf2f50-f55c-11e7-88f7-5465a6ce1a00
737,Mueller OR Flynn OR Manafort OR Cohen AND lastPublishDateTime:>2018-01-01T00:00:00Z AND lastPublishDateTime:<2018-02-02T00:00:00Z,a761a546-f4cd-11e7-8715-e94187b3017e
738,Mueller OR Flynn OR Manafort OR Cohen AND lastPublishDateTime:>2018-01-01T00:00:00Z AND lastPublishDateTime:<2018-02-02T00:00:00Z,659ec742-f1b7-11e7-b220-857e26d1aca4
739,Mueller OR Flynn OR Manafort OR Cohen AND lastPublishDateTime:>2018-01-01T00:00:00Z AND lastPublishDateTime:<2018-02-02T00:00:00Z,9cf82452-efe8-11e7-ac08-07c3086a2625
740,Mueller OR Flynn OR Manafort OR Cohen AND lastPublishDateTime:>2018-01-01T00:00:00Z AND lastPublishDateTime:<2018-02-02T00:00:00Z,66632cc6-f0af-11e7-b220-857e26d1aca4
741,Mueller OR Flynn OR Manafort OR Cohen AND lastPublishDateTime:>2018-01-01T00:00:00Z AND lastPublishDateTime:<2018-02-02T00:00:00Z,35ef8194-e578-11e7-8b99-0191e45377ec
742,Mueller OR Flynn OR Manafort OR Cohen AND lastPublishDateTime:>2018-02-01T00:00:00Z AND lastPublishDateTime:<2018-03-02T00:00:00Z,3311c228-1775-11e8-9376-4a6390addb44
743,Mueller OR Flynn OR Manafort OR Cohen AND lastPublishDateTime:>2018-02-01T00:00:00Z AND lastPublishDateTime:<2018-03-02T00:00:00Z,d16ab764-1701-11e8-9e9c-25c814761640
744,Mueller OR Flynn OR Manafort OR Cohen AND lastPublishDateTime:>2018-02-01T00:00:00Z AND lastPublishDateTime:<2018-03-02T00:00:00Z,d0554878-158d-11e8-9e9c-25c814761640
745,Mueller OR Flynn OR Manafort OR Cohen AND lastPublishDateTime:>2018-02-01T00:00:00Z AND lastPublishDateTime:<2018-03-02T00:00:00Z,7dffe7b8-123b-11e8-940e-08320fc2a277
746,Mueller OR Flynn OR Manafort OR Cohen AND lastPublishDateTime:>2018-02-01T00:00:00Z AND lastPublishDateTime:<2018-03-02T00:00:00Z,ea971532-1311-11e8-8cb6-b9ccc4c4dbbb
747,Mueller OR Flynn OR Manafort OR Cohen AND lastPublishDateTime:>2018-02-01T00:00:00Z AND lastPublishDateTime:<2018-03-02T00:00:00Z,6229aab2-0f96-11e8-8cb6-b9ccc4c4dbbb
748,Mueller OR Flynn OR Manafort OR Cohen AND lastPublishDateTime:>2018-02-01T00:00:00Z AND lastPublishDateTime:<2018-03-02T00:00:00Z,3ccd2d6c-126a-11e8-940e-08320fc2a277
749,Mueller OR Flynn OR Manafort OR Cohen AND lastPublishDateTime:>2018-02-01T00:00:00Z AND lastPublishDateTime:<2018-03-02T00:00:00Z,1aa4ba16-11ac-11e8-940e-08320fc2a277
750,Mueller OR Flynn OR Manafort OR Cohen AND lastPublishDateTime:>2018-02-01T00:00:00Z AND lastPublishDateTime:<2018-03-02T00:00:00Z,8100ebcc-1143-11e8-8cb6-b9ccc4c4dbbb
751,Mueller OR Flynn OR Manafort OR Cohen AND lastPublishDateTime:>2018-02-01T00:00:00Z AND lastPublishDateTime:<2018-03-02T00:00:00Z,501dce94-1062-11e8-8cb6-b9ccc4c4dbbb
752,Mueller OR Flynn OR Manafort OR Cohen AND lastPublishDateTime:>2018-02-01T00:00:00Z AND lastPublishDateTime:<2018-03-02T00:00:00Z,9822aae0-100b-11e8-940e-08320fc2a277
753,Mueller OR Flynn OR Manafort OR Cohen AND lastPublishDateTime:>2018-02-01T00:00:00Z AND lastPublishDateTime:<2018-03-02T00:00:00Z,147ec1ca-0a38-11e8-8eb7-42f857ea9f09
754,Mueller OR Flynn OR Manafort OR Cohen AND lastPublishDateTime:>2018-02-01T00:00:00Z AND lastPublishDateTime:<2018-03-02T00:00:00Z,8dc43b00-0de9-11e8-8eb7-42f857ea9f09
755,Mueller OR Flynn OR Manafort OR Cohen AND lastPublishDateTime:>2018-02-01T00:00:00Z AND lastPublishDateTime:<2018-03-02T00:00:00Z,05bd8f4a-0cf4-11e8-839d-41ca06376bf2
756,Mueller OR Flynn OR Manafort OR Cohen AND lastPublishDateTime:>2018-02-01T00:00:00Z AND lastPublishDateTime:<2018-03-02T00:00:00Z,07f1d252-0061-11e8-9e12-af73e8db3c71
757,Mueller OR Flynn OR Manafort OR Cohen AND lastPublishDateTime:>2018-02-01T00:00:00Z AND lastPublishDateTime:<2018-03-02T00:00:00Z,739ab486-09cd-11e8-8eb7-42f857ea9f09
758,Mueller OR Flynn OR Manafort OR Cohen AND lastPublishDateTime:>2018-03-01T00:00:00Z AND lastPublishDateTime:<2018-04-02T00:00:00Z,06b39454-327d-11e8-ac48-10c6fdc22f03
759,Mueller OR Flynn OR Manafort OR Cohen AND lastPublishDateTime:>2018-03-01T00:00:00Z AND lastPublishDateTime:<2018-04-02T00:00:00Z,6afd7bd4-3136-11e8-ac48-10c6fdc22f03
760,Mueller OR Flynn OR Manafort OR Cohen AND lastPublishDateTime:>2018-03-01T00:00:00Z AND lastPublishDateTime:<2018-04-02T00:00:00Z,de0cd3b6-3075-11e8-b5bf-23cb17fd1498
761,Mueller OR Flynn OR Manafort OR Cohen AND lastPublishDateTime:>2018-03-01T00:00:00Z AND lastPublishDateTime:<2018-04-02T00:00:00Z,7f2c5a52-3092-11e8-ac48-10c6fdc22f03
762,Mueller OR Flynn OR Manafort OR Cohen AND lastPublishDateTime:>2018-03-01T00:00:00Z AND lastPublishDateTime:<2018-04-02T00:00:00Z,b9cecf88-3087-11e8-b5bf-23cb17fd1498
763,Mueller OR Flynn OR Manafort OR Cohen AND lastPublishDateTime:>2018-03-01T00:00:00Z AND lastPublishDateTime:<2018-04-02T00:00:00Z,167c7164-2dc1-11e8-9b4b-bc4b9f08f381
764,Mueller OR Flynn OR Manafort OR Cohen AND lastPublishDateTime:>2018-03-01T00:00:00Z AND lastPublishDateTime:<2018-04-02T00:00:00Z,5ae48f74-2986-11e8-b27e-cc62a39d57a0
765,Mueller OR Flynn OR Manafort OR Cohen AND lastPublishDateTime:>2018-03-01T00:00:00Z AND lastPublishDateTime:<2018-04-02T00:00:00Z,6e488a94-270a-11e8-b27e-cc62a39d57a0
766,Mueller OR Flynn OR Manafort OR Cohen AND lastPublishDateTime:>2018-03-01T00:00:00Z AND lastPublishDateTime:<2018-04-02T00:00:00Z,b797e1ac-1b04-11e8-aaca-4574d7dabfb6
767,Mueller OR Flynn OR Manafort OR Cohen AND lastPublishDateTime:>2018-03-01T00:00:00Z AND lastPublishDateTime:<2018-04-02T00:00:00Z,d3c67d12-2774-11e8-9274-2b13fccdc744
768,Mueller OR Flynn OR Manafort OR Cohen AND lastPublishDateTime:>2018-03-01T00:00:00Z AND lastPublishDateTime:<2018-04-02T00:00:00Z,84c10362-263f-11e8-b27e-cc62a39d57a0
769,Mueller OR Flynn OR Manafort OR Cohen AND lastPublishDateTime:>2018-03-01T00:00:00Z AND lastPublishDateTime:<2018-04-02T00:00:00Z,5b9105c0-2264-11e8-9a70-08f715791301
770,Mueller OR Flynn OR Manafort OR Cohen AND lastPublishDateTime:>2018-03-01T00:00:00Z AND lastPublishDateTime:<2018-04-02T00:00:00Z,779658d4-2204-11e8-9a70-08f715791301
771,Mueller OR Flynn OR Manafort OR Cohen AND lastPublishDateTime:>2018-03-01T00:00:00Z AND lastPublishDateTime:<2018-04-02T00:00:00Z,78fe7e86-21be-11e8-9a70-08f715791301
772,Mueller OR Flynn OR Manafort OR Cohen AND lastPublishDateTime:>2018-03-01T00:00:00Z AND lastPublishDateTime:<2018-04-02T00:00:00Z,9c71bd46-21b5-11e8-a895-1ba1f72c2c11
773,Mueller OR Flynn OR Manafort OR Cohen AND lastPublishDateTime:>2018-03-01T00:00:00Z AND lastPublishDateTime:<2018-04-02T00:00:00Z,07dceaba-16b2-11e8-9376-4a6390addb44
774,Mueller OR Flynn OR Manafort OR Cohen AND lastPublishDateTime:>2018-04-01T00:00:00Z AND lastPublishDateTime:<2018-05-02T00:00:00Z,8aff0518-4957-11e8-8ee8-cae73aab7ccb
775,Mueller OR Flynn OR Manafort OR Cohen AND lastPublishDateTime:>2018-04-01T00:00:00Z AND lastPublishDateTime:<2018-05-02T00:00:00Z,50828b98-48db-11e8-8ae9-4b5ddcca99b3
776,Mueller OR Flynn OR Manafort OR Cohen AND lastPublishDateTime:>2018-04-01T00:00:00Z AND lastPublishDateTime:<2018-05-02T00:00:00Z,538a29a4-4660-11e8-8ae9-4b5ddcca99b3
777,Mueller OR Flynn OR Manafort OR Cohen AND lastPublishDateTime:>2018-04-01T00:00:00Z AND lastPublishDateTime:<2018-05-02T00:00:00Z,b91d7f40-4643-11e8-8ee8-cae73aab7ccb
778,Mueller OR Flynn OR Manafort OR Cohen AND lastPublishDateTime:>2018-04-01T00:00:00Z AND lastPublishDateTime:<2018-05-02T00:00:00Z,558d347c-44bb-11e8-93cf-67ac3a6482fd
779,Mueller OR Flynn OR Manafort OR Cohen AND lastPublishDateTime:>2018-04-01T00:00:00Z AND lastPublishDateTime:<2018-05-02T00:00:00Z,7ad766ec-44ae-11e8-803a-295c97e6fd0b
780,Mueller OR Flynn OR Manafort OR Cohen AND lastPublishDateTime:>2018-04-01T00:00:00Z AND lastPublishDateTime:<2018-05-02T00:00:00Z,802a47b6-4154-11e8-93cf-67ac3a6482fd
781,Mueller OR Flynn OR Manafort OR Cohen AND lastPublishDateTime:>2018-04-01T00:00:00Z AND lastPublishDateTime:<2018-05-02T00:00:00Z,ef965438-4437-11e8-803a-295c97e6fd0b
782,Mueller OR Flynn OR Manafort OR Cohen AND lastPublishDateTime:>2018-04-01T00:00:00Z AND lastPublishDateTime:<2018-05-02T00:00:00Z,3721617a-4420-11e8-803a-295c97e6fd0b
783,Mueller OR Flynn OR Manafort OR Cohen AND lastPublishDateTime:>2018-04-01T00:00:00Z AND lastPublishDateTime:<2018-05-02T00:00:00Z,54b14370-43b4-11e8-97ce-ea0c2bf34a0b
784,Mueller OR Flynn OR Manafort OR Cohen AND lastPublishDateTime:>2018-04-01T00:00:00Z AND lastPublishDateTime:<2018-05-02T00:00:00Z,54292fba-4357-11e8-803a-295c97e6fd0b
785,Mueller OR Flynn OR Manafort OR Cohen AND lastPublishDateTime:>2018-04-01T00:00:00Z AND lastPublishDateTime:<2018-05-02T00:00:00Z,e5daef4e-4306-11e8-93cf-67ac3a6482fd
786,Mueller OR Flynn OR Manafort OR Cohen AND lastPublishDateTime:>2018-04-01T00:00:00Z AND lastPublishDateTime:<2018-05-02T00:00:00Z,18ad4eda-4249-11e8-803a-295c97e6fd0b
787,Mueller OR Flynn OR Manafort OR Cohen AND lastPublishDateTime:>2018-04-01T00:00:00Z AND lastPublishDateTime:<2018-05-02T00:00:00Z,1e757ece-4275-11e8-93cf-67ac3a6482fd
788,Mueller OR Flynn OR Manafort OR Cohen AND lastPublishDateTime:>2018-04-01T00:00:00Z AND lastPublishDateTime:<2018-05-02T00:00:00Z,5abfd128-4184-11e8-803a-295c97e6fd0b
789,Mueller OR Flynn OR Manafort OR Cohen AND lastPublishDateTime:>2018-04-01T00:00:00Z AND lastPublishDateTime:<2018-05-02T00:00:00Z,b46747d6-41ae-11e8-803a-295c97e6fd0b
790,Mueller OR Flynn OR Manafort OR Cohen AND lastPublishDateTime:>2018-04-01T00:00:00Z AND lastPublishDateTime:<2018-05-02T00:00:00Z,02d663b4-4184-11e8-803a-295c97e6fd0b
791,Mueller OR Flynn OR Manafort OR Cohen AND lastPublishDateTime:>2018-04-01T00:00:00Z AND lastPublishDateTime:<2018-05-02T00:00:00Z,3d8cd2c6-4126-11e8-803a-295c97e6fd0b
792,Mueller OR Flynn OR Manafort OR Cohen AND lastPublishDateTime:>2018-04-01T00:00:00Z AND lastPublishDateTime:<2018-05-02T00:00:00Z,7d5e3d78-40a3-11e8-803a-295c97e6fd0b
793,Mueller OR Flynn OR Manafort OR Cohen AND lastPublishDateTime:>2018-04-01T00:00:00Z AND lastPublishDateTime:<2018-05-02T00:00:00Z,6d9c2972-412a-11e8-93cf-67ac3a6482fd
794,Mueller OR Flynn OR Manafort OR Cohen AND lastPublishDateTime:>2018-04-01T00:00:00Z AND lastPublishDateTime:<2018-05-02T00:00:00Z,aa03c4ea-3f51-11e8-b7e0-52972418fec4
795,Mueller OR Flynn OR Manafort OR Cohen AND lastPublishDateTime:>2018-04-01T00:00:00Z AND lastPublishDateTime:<2018-05-02T00:00:00Z,13e9e108-3f40-11e8-b7e0-52972418fec4
796,Mueller OR Flynn OR Manafort OR Cohen AND lastPublishDateTime:>2018-04-01T00:00:00Z AND lastPublishDateTime:<2018-05-02T00:00:00Z,732c0d14-3f4d-11e8-b9f9-de94fa33a81e
797,Mueller OR Flynn OR Manafort OR Cohen AND lastPublishDateTime:>2018-04-01T00:00:00Z AND lastPublishDateTime:<2018-05-02T00:00:00Z,252ce5e2-3f30-11e8-b7e0-52972418fec4
798,Mueller OR Flynn OR Manafort OR Cohen AND lastPublishDateTime:>2018-04-01T00:00:00Z AND lastPublishDateTime:<2018-05-02T00:00:00Z,2d0290e6-3e7c-11e8-b9f9-de94fa33a81e
799,Mueller OR Flynn OR Manafort OR Cohen AND lastPublishDateTime:>2018-04-01T00:00:00Z AND lastPublishDateTime:<2018-05-02T00:00:00Z,d0a52cc0-3e74-11e8-b7e0-52972418fec4
800,Mueller OR Flynn OR Manafort OR Cohen AND lastPublishDateTime:>2018-04-01T00:00:00Z AND lastPublishDateTime:<2018-05-02T00:00:00Z,0e5d27ba-2b61-11e8-9b4b-bc4b9f08f381
801,Mueller OR Flynn OR Manafort OR Cohen AND lastPublishDateTime:>2018-04-01T00:00:00Z AND lastPublishDateTime:<2018-05-02T00:00:00Z,7c003426-3d8e-11e8-b9f9-de94fa33a81e
802,Mueller OR Flynn OR Manafort OR Cohen AND lastPublishDateTime:>2018-04-01T00:00:00Z AND lastPublishDateTime:<2018-05-02T00:00:00Z,49dac5cc-3d86-11e8-b7e0-52972418fec4
803,Mueller OR Flynn OR Manafort OR Cohen AND lastPublishDateTime:>2018-04-01T00:00:00Z AND lastPublishDateTime:<2018-05-02T00:00:00Z,5e0678e0-3d02-11e8-b9f9-de94fa33a81e
804,Mueller OR Flynn OR Manafort OR Cohen AND lastPublishDateTime:>2018-04-01T00:00:00Z AND lastPublishDateTime:<2018-05-02T00:00:00Z,9a907846-3cf9-11e8-b7e0-52972418fec4
805,Mueller OR Flynn OR Manafort OR Cohen AND lastPublishDateTime:>2018-04-01T00:00:00Z AND lastPublishDateTime:<2018-05-02T00:00:00Z,e1659f4e-3cdb-11e8-b9f9-de94fa33a81e
806,Mueller OR Flynn OR Manafort OR Cohen AND lastPublishDateTime:>2018-04-01T00:00:00Z AND lastPublishDateTime:<2018-05-02T00:00:00Z,a9630bfe-3cdb-11e8-b9f9-de94fa33a81e
807,Mueller OR Flynn OR Manafort OR Cohen AND lastPublishDateTime:>2018-04-01T00:00:00Z AND lastPublishDateTime:<2018-05-02T00:00:00Z,a881d86a-3cbc-11e8-b9f9-de94fa33a81e
808,Mueller OR Flynn OR Manafort OR Cohen AND lastPublishDateTime:>2018-04-01T00:00:00Z AND lastPublishDateTime:<2018-05-02T00:00:00Z,4f0bee88-3cc1-11e8-b7e0-52972418fec4
809,Mueller OR Flynn OR Manafort OR Cohen AND lastPublishDateTime:>2018-04-01T00:00:00Z AND lastPublishDateTime:<2018-05-02T00:00:00Z,0fdbe49c-3c3b-11e8-b9f9-de94fa33a81e
810,Mueller OR Flynn OR Manafort OR Cohen AND lastPublishDateTime:>2018-04-01T00:00:00Z AND lastPublishDateTime:<2018-05-02T00:00:00Z,1051686a-3bfb-11e8-b7e0-52972418fec4
811,Mueller OR Flynn OR Manafort OR Cohen AND lastPublishDateTime:>2018-04-01T00:00:00Z AND lastPublishDateTime:<2018-05-02T00:00:00Z,6346bffc-3c4b-11e8-b7e0-52972418fec4
812,Mueller OR Flynn OR Manafort OR Cohen AND lastPublishDateTime:>2018-04-01T00:00:00Z AND lastPublishDateTime:<2018-05-02T00:00:00Z,95084bc8-3c46-11e8-b7e0-52972418fec4
813,Mueller OR Flynn OR Manafort OR Cohen AND lastPublishDateTime:>2018-04-01T00:00:00Z AND lastPublishDateTime:<2018-05-02T00:00:00Z,e7f6ca64-3c35-11e8-b9f9-de94fa33a81e
814,Mueller OR Flynn OR Manafort OR Cohen AND lastPublishDateTime:>2018-04-01T00:00:00Z AND lastPublishDateTime:<2018-05-02T00:00:00Z,bceee99c-3b8f-11e8-b9f9-de94fa33a81e
815,Mueller OR Flynn OR Manafort OR Cohen AND lastPublishDateTime:>2018-04-01T00:00:00Z AND lastPublishDateTime:<2018-05-02T00:00:00Z,6863aa8a-3c2e-11e8-b9f9-de94fa33a81e
816,Mueller OR Flynn OR Manafort OR Cohen AND lastPublishDateTime:>2018-04-01T00:00:00Z AND lastPublishDateTime:<2018-05-02T00:00:00Z,a9133112-3743-11e8-8eee-e06bde01c544
817,Mueller OR Flynn OR Manafort OR Cohen AND lastPublishDateTime:>2018-04-01T00:00:00Z AND lastPublishDateTime:<2018-05-02T00:00:00Z,9b54bd3c-39ac-11e8-8eee-e06bde01c544
818,Mueller OR Flynn OR Manafort OR Cohen AND lastPublishDateTime:>2018-04-01T00:00:00Z AND lastPublishDateTime:<2018-05-02T00:00:00Z,e2a3b45a-391a-11e8-8b98-2f31af407cc8
819,Mueller OR Flynn OR Manafort OR Cohen AND lastPublishDateTime:>2018-04-01T00:00:00Z AND lastPublishDateTime:<2018-05-02T00:00:00Z,3b5f9b6c-374b-11e8-8b98-2f31af407cc8
820,Mueller OR Flynn OR Manafort OR Cohen AND lastPublishDateTime:>2018-04-01T00:00:00Z AND lastPublishDateTime:<2018-05-02T00:00:00Z,176b9038-3748-11e8-8eee-e06bde01c544
821,Mueller OR Flynn OR Manafort OR Cohen AND lastPublishDateTime:>2018-05-01T00:00:00Z AND lastPublishDateTime:<2018-06-02T00:00:00Z,080dc85e-65c9-11e8-90c2-9563a0613e56
822,Mueller OR Flynn OR Manafort OR Cohen AND lastPublishDateTime:>2018-05-01T00:00:00Z AND lastPublishDateTime:<2018-06-02T00:00:00Z,856dacac-65a5-11e8-a39d-4df188287fff
823,Mueller OR Flynn OR Manafort OR Cohen AND lastPublishDateTime:>2018-05-01T00:00:00Z AND lastPublishDateTime:<2018-06-02T00:00:00Z,bee07490-6453-11e8-90c2-9563a0613e56
824,Mueller OR Flynn OR Manafort OR Cohen AND lastPublishDateTime:>2018-05-01T00:00:00Z AND lastPublishDateTime:<2018-06-02T00:00:00Z,8eb44cba-642b-11e8-90c2-9563a0613e56
825,Mueller OR Flynn OR Manafort OR Cohen AND lastPublishDateTime:>2018-05-01T00:00:00Z AND lastPublishDateTime:<2018-06-02T00:00:00Z,0c8bee74-633a-11e8-90c2-9563a0613e56
826,Mueller OR Flynn OR Manafort OR Cohen AND lastPublishDateTime:>2018-05-01T00:00:00Z AND lastPublishDateTime:<2018-06-02T00:00:00Z,7e3d5e6c-62f0-11e8-a39d-4df188287fff
827,Mueller OR Flynn OR Manafort OR Cohen AND lastPublishDateTime:>2018-05-01T00:00:00Z AND lastPublishDateTime:<2018-06-02T00:00:00Z,f2bcc9b4-6050-11e8-9334-2218e7146b04
828,Mueller OR Flynn OR Manafort OR Cohen AND lastPublishDateTime:>2018-05-01T00:00:00Z AND lastPublishDateTime:<2018-06-02T00:00:00Z,5b03616e-5ed4-11e8-9334-2218e7146b04
829,Mueller OR Flynn OR Manafort OR Cohen AND lastPublishDateTime:>2018-05-01T00:00:00Z AND lastPublishDateTime:<2018-06-02T00:00:00Z,41af5986-5e05-11e8-9334-2218e7146b04
830,Mueller OR Flynn OR Manafort OR Cohen AND lastPublishDateTime:>2018-05-01T00:00:00Z AND lastPublishDateTime:<2018-06-02T00:00:00Z,23e62bc8-5c4d-11e8-ad91-e01af256df68
831,Mueller OR Flynn OR Manafort OR Cohen AND lastPublishDateTime:>2018-05-01T00:00:00Z AND lastPublishDateTime:<2018-06-02T00:00:00Z,21e0d8ca-5bec-11e8-9334-2218e7146b04
832,Mueller OR Flynn OR Manafort OR Cohen AND lastPublishDateTime:>2018-05-01T00:00:00Z AND lastPublishDateTime:<2018-06-02T00:00:00Z,0670122e-59d3-11e8-b8b2-d6ceb45fa9d0
833,Mueller OR Flynn OR Manafort OR Cohen AND lastPublishDateTime:>2018-05-01T00:00:00Z AND lastPublishDateTime:<2018-06-02T00:00:00Z,f7a85358-58fd-11e8-bdb7-f6677d2e1ce8
834,Mueller OR Flynn OR Manafort OR Cohen AND lastPublishDateTime:>2018-05-01T00:00:00Z AND lastPublishDateTime:<2018-06-02T00:00:00Z,43582b1c-5984-11e8-b8b2-d6ceb45fa9d0
835,Mueller OR Flynn OR Manafort OR Cohen AND lastPublishDateTime:>2018-05-01T00:00:00Z AND lastPublishDateTime:<2018-06-02T00:00:00Z,d491771a-595b-11e8-bdb7-f6677d2e1ce8
836,Mueller OR Flynn OR Manafort OR Cohen AND lastPublishDateTime:>2018-05-01T00:00:00Z AND lastPublishDateTime:<2018-06-02T00:00:00Z,597758fe-593f-11e8-bdb7-f6677d2e1ce8
837,Mueller OR Flynn OR Manafort OR Cohen AND lastPublishDateTime:>2018-05-01T00:00:00Z AND lastPublishDateTime:<2018-06-02T00:00:00Z,7f6b483e-58c9-11e8-bdb7-f6677d2e1ce8
838,Mueller OR Flynn OR Manafort OR Cohen AND lastPublishDateTime:>2018-05-01T00:00:00Z AND lastPublishDateTime:<2018-06-02T00:00:00Z,b2a7b0e4-57c9-11e8-bdb7-f6677d2e1ce8
839,Mueller OR Flynn OR Manafort OR Cohen AND lastPublishDateTime:>2018-05-01T00:00:00Z AND lastPublishDateTime:<2018-06-02T00:00:00Z,38dfc2bc-575e-11e8-bdb7-f6677d2e1ce8
840,Mueller OR Flynn OR Manafort OR Cohen AND lastPublishDateTime:>2018-05-01T00:00:00Z AND lastPublishDateTime:<2018-06-02T00:00:00Z,2badfbe6-578f-11e8-bdb7-f6677d2e1ce8
841,Mueller OR Flynn OR Manafort OR Cohen AND lastPublishDateTime:>2018-05-01T00:00:00Z AND lastPublishDateTime:<2018-06-02T00:00:00Z,ab9cee6c-5658-11e8-bdb7-f6677d2e1ce8
842,Mueller OR Flynn OR Manafort OR Cohen AND lastPublishDateTime:>2018-05-01T00:00:00Z AND lastPublishDateTime:<2018-06-02T00:00:00Z,94d43362-575b-11e8-806a-808d194ffb75
843,Mueller OR Flynn OR Manafort OR Cohen AND lastPublishDateTime:>2018-05-01T00:00:00Z AND lastPublishDateTime:<2018-06-02T00:00:00Z,8c7a50cc-5727-11e8-b8b2-d6ceb45fa9d0
844,Mueller OR Flynn OR Manafort OR Cohen AND lastPublishDateTime:>2018-05-01T00:00:00Z AND lastPublishDateTime:<2018-06-02T00:00:00Z,5d71f57a-5509-11e8-b3ee-41e0209208ec
845,Mueller OR Flynn OR Manafort OR Cohen AND lastPublishDateTime:>2018-05-01T00:00:00Z AND lastPublishDateTime:<2018-06-02T00:00:00Z,ef61c272-5521-11e8-b24e-cad6aa67e23e
846,Mueller OR Flynn OR Manafort OR Cohen AND lastPublishDateTime:>2018-05-01T00:00:00Z AND lastPublishDateTime:<2018-06-02T00:00:00Z,39d3972c-550e-11e8-b3ee-41e0209208ec
847,Mueller OR Flynn OR Manafort OR Cohen AND lastPublishDateTime:>2018-05-01T00:00:00Z AND lastPublishDateTime:<2018-06-02T00:00:00Z,725a72a6-51f2-11e8-84f4-43d65af59d43
848,Mueller OR Flynn OR Manafort OR Cohen AND lastPublishDateTime:>2018-05-01T00:00:00Z AND lastPublishDateTime:<2018-06-02T00:00:00Z,702b82ae-539b-11e8-b24e-cad6aa67e23e
849,Mueller OR Flynn OR Manafort OR Cohen AND lastPublishDateTime:>2018-05-01T00:00:00Z AND lastPublishDateTime:<2018-06-02T00:00:00Z,4633c8ee-5396-11e8-b3ee-41e0209208ec
850,Mueller OR Flynn OR Manafort OR Cohen AND lastPublishDateTime:>2018-05-01T00:00:00Z AND lastPublishDateTime:<2018-06-02T00:00:00Z,7a333408-53d3-11e8-b3ee-41e0209208ec
851,Mueller OR Flynn OR Manafort OR Cohen AND lastPublishDateTime:>2018-05-01T00:00:00Z AND lastPublishDateTime:<2018-06-02T00:00:00Z,61e2cca8-5363-11e8-b3ee-41e0209208ec
852,Mueller OR Flynn OR Manafort OR Cohen AND lastPublishDateTime:>2018-05-01T00:00:00Z AND lastPublishDateTime:<2018-06-02T00:00:00Z,00a122a0-53a4-11e8-b3ee-41e0209208ec
853,Mueller OR Flynn OR Manafort OR Cohen AND lastPublishDateTime:>2018-05-01T00:00:00Z AND lastPublishDateTime:<2018-06-02T00:00:00Z,1982bb80-539f-11e8-b3ee-41e0209208ec
854,Mueller OR Flynn OR Manafort OR Cohen AND lastPublishDateTime:>2018-05-01T00:00:00Z AND lastPublishDateTime:<2018-06-02T00:00:00Z,4d1200d2-52b4-11e8-b3ee-41e0209208ec
855,Mueller OR Flynn OR Manafort OR Cohen AND lastPublishDateTime:>2018-05-01T00:00:00Z AND lastPublishDateTime:<2018-06-02T00:00:00Z,00fb6f36-5317-11e8-b3ee-41e0209208ec
856,Mueller OR Flynn OR Manafort OR Cohen AND lastPublishDateTime:>2018-05-01T00:00:00Z AND lastPublishDateTime:<2018-06-02T00:00:00Z,9e0b30f0-52cb-11e8-b3ee-41e0209208ec
857,Mueller OR Flynn OR Manafort OR Cohen AND lastPublishDateTime:>2018-05-01T00:00:00Z AND lastPublishDateTime:<2018-06-02T00:00:00Z,72d84a3e-5290-11e8-b24e-cad6aa67e23e
858,Mueller OR Flynn OR Manafort OR Cohen AND lastPublishDateTime:>2018-05-01T00:00:00Z AND lastPublishDateTime:<2018-06-02T00:00:00Z,4ff497da-4a38-11e8-8c77-ff51caedcde6
859,Mueller OR Flynn OR Manafort OR Cohen AND lastPublishDateTime:>2018-05-01T00:00:00Z AND lastPublishDateTime:<2018-06-02T00:00:00Z,64aa2444-4f22-11e8-a7a9-37318e776bab
860,Mueller OR Flynn OR Manafort OR Cohen AND lastPublishDateTime:>2018-05-01T00:00:00Z AND lastPublishDateTime:<2018-06-02T00:00:00Z,41ec33fa-4e84-11e8-a7a9-37318e776bab
861,Mueller OR Flynn OR Manafort OR Cohen AND lastPublishDateTime:>2018-05-01T00:00:00Z AND lastPublishDateTime:<2018-06-02T00:00:00Z,19579718-4e61-11e8-a7a9-37318e776bab
862,Mueller OR Flynn OR Manafort OR Cohen AND lastPublishDateTime:>2018-05-01T00:00:00Z AND lastPublishDateTime:<2018-06-02T00:00:00Z,9f0707b0-46d0-11e8-8c77-ff51caedcde6
863,Mueller OR Flynn OR Manafort OR Cohen AND lastPublishDateTime:>2018-05-01T00:00:00Z AND lastPublishDateTime:<2018-06-02T00:00:00Z,3b2d2a88-4e7a-11e8-a7a9-37318e776bab
864,Mueller OR Flynn OR Manafort OR Cohen AND lastPublishDateTime:>2018-05-01T00:00:00Z AND lastPublishDateTime:<2018-06-02T00:00:00Z,d196a196-4e2c-11e8-9471-a083af05aea7
865,Mueller OR Flynn OR Manafort OR Cohen AND lastPublishDateTime:>2018-05-01T00:00:00Z AND lastPublishDateTime:<2018-06-02T00:00:00Z,0ee5ddb6-4d9a-11e8-97e4-13afc22d86d4
866,Mueller OR Flynn OR Manafort OR Cohen AND lastPublishDateTime:>2018-06-01T00:00:00Z AND lastPublishDateTime:<2018-07-02T00:00:00Z,ef52e3a8-7b5d-11e8-bc55-50daf11b720d
867,Mueller OR Flynn OR Manafort OR Cohen AND lastPublishDateTime:>2018-06-01T00:00:00Z AND lastPublishDateTime:<2018-07-02T00:00:00Z,59026fca-73bc-11e8-aa31-31da4279a601
868,Mueller OR Flynn OR Manafort OR Cohen AND lastPublishDateTime:>2018-06-01T00:00:00Z AND lastPublishDateTime:<2018-07-02T00:00:00Z,02d486ba-ecc1-11e7-8713-513b1d7ca85a
869,Mueller OR Flynn OR Manafort OR Cohen AND lastPublishDateTime:>2018-06-01T00:00:00Z AND lastPublishDateTime:<2018-07-02T00:00:00Z,a9d27e5e-7808-11e8-bc55-50daf11b720d
870,Mueller OR Flynn OR Manafort OR Cohen AND lastPublishDateTime:>2018-06-01T00:00:00Z AND lastPublishDateTime:<2018-07-02T00:00:00Z,88124342-7544-11e8-aa31-31da4279a601
871,Mueller OR Flynn OR Manafort OR Cohen AND lastPublishDateTime:>2018-06-01T00:00:00Z AND lastPublishDateTime:<2018-07-02T00:00:00Z,1a6eb278-582d-11e8-806a-808d194ffb75
872,Mueller OR Flynn OR Manafort OR Cohen AND lastPublishDateTime:>2018-06-01T00:00:00Z AND lastPublishDateTime:<2018-07-02T00:00:00Z,80e6b3b6-7312-11e8-aa31-31da4279a601
873,Mueller OR Flynn OR Manafort OR Cohen AND lastPublishDateTime:>2018-06-01T00:00:00Z AND lastPublishDateTime:<2018-07-02T00:00:00Z,488d66f6-6e33-11e8-92d3-6c13e5c92914
874,Mueller OR Flynn OR Manafort OR Cohen AND lastPublishDateTime:>2018-06-01T00:00:00Z AND lastPublishDateTime:<2018-07-02T00:00:00Z,abd98ad0-6f07-11e8-8863-a9bb262c5f53
875,Mueller OR Flynn OR Manafort OR Cohen AND lastPublishDateTime:>2018-06-01T00:00:00Z AND lastPublishDateTime:<2018-07-02T00:00:00Z,a06cd9bc-6eb8-11e8-92d3-6c13e5c92914
876,Mueller OR Flynn OR Manafort OR Cohen AND lastPublishDateTime:>2018-06-01T00:00:00Z AND lastPublishDateTime:<2018-07-02T00:00:00Z,af82349a-6410-11e8-90c2-9563a0613e56
877,Mueller OR Flynn OR Manafort OR Cohen AND lastPublishDateTime:>2018-06-01T00:00:00Z AND lastPublishDateTime:<2018-07-02T00:00:00Z,594dafb4-6988-11e8-b6eb-4acfcfb08c11
878,Mueller OR Flynn OR Manafort OR Cohen AND lastPublishDateTime:>2018-06-01T00:00:00Z AND lastPublishDateTime:<2018-07-02T00:00:00Z,080dc85e-65c9-11e8-90c2-9563a0613e56
879,Mueller OR Flynn OR Manafort OR Cohen AND lastPublishDateTime:>2018-06-01T00:00:00Z AND lastPublishDateTime:<2018-07-02T00:00:00Z,856dacac-65a5-11e8-a39d-4df188287fff
880,Mueller OR Flynn OR Manafort OR Cohen AND lastPublishDateTime:>2018-06-01T00:00:00Z AND lastPublishDateTime:<2018-07-02T00:00:00Z,bee07490-6453-11e8-90c2-9563a0613e56
881,Mueller OR Flynn OR Manafort OR Cohen AND lastPublishDateTime:>2018-07-01T00:00:00Z AND lastPublishDateTime:<2018-08-02T00:00:00Z,e404415c-8f96-11e8-b639-7680cedcc421
882,Mueller OR Flynn OR Manafort OR Cohen AND lastPublishDateTime:>2018-07-01T00:00:00Z AND lastPublishDateTime:<2018-08-02T00:00:00Z,b181de64-91b8-11e8-bb8f-a6a2f7bca546
883,Mueller OR Flynn OR Manafort OR Cohen AND lastPublishDateTime:>2018-07-01T00:00:00Z AND lastPublishDateTime:<2018-08-02T00:00:00Z,4c3b18dc-918f-11e8-b639-7680cedcc421
884,Mueller OR Flynn OR Manafort OR Cohen AND lastPublishDateTime:>2018-07-01T00:00:00Z AND lastPublishDateTime:<2018-08-02T00:00:00Z,88427e84-91a2-11e8-b639-7680cedcc421
885,Mueller OR Flynn OR Manafort OR Cohen AND lastPublishDateTime:>2018-07-01T00:00:00Z AND lastPublishDateTime:<2018-08-02T00:00:00Z,e3add9f8-8e5a-11e8-b639-7680cedcc421
886,Mueller OR Flynn OR Manafort OR Cohen AND lastPublishDateTime:>2018-07-01T00:00:00Z AND lastPublishDateTime:<2018-08-02T00:00:00Z,7ea49ea8-9016-11e8-b639-7680cedcc421
887,Mueller OR Flynn OR Manafort OR Cohen AND lastPublishDateTime:>2018-07-01T00:00:00Z AND lastPublishDateTime:<2018-08-02T00:00:00Z,3dfd6dce-9013-11e8-b639-7680cedcc421
888,Mueller OR Flynn OR Manafort OR Cohen AND lastPublishDateTime:>2018-07-01T00:00:00Z AND lastPublishDateTime:<2018-08-02T00:00:00Z,21ed1dc2-9069-11e8-b639-7680cedcc421
889,Mueller OR Flynn OR Manafort OR Cohen AND lastPublishDateTime:>2018-07-01T00:00:00Z AND lastPublishDateTime:<2018-08-02T00:00:00Z,04f1baf6-9024-11e8-bb8f-a6a2f7bca546
890,Mueller OR Flynn OR Manafort OR Cohen AND lastPublishDateTime:>2018-07-01T00:00:00Z AND lastPublishDateTime:<2018-08-02T00:00:00Z,52a66532-8f4b-11e8-b639-7680cedcc421
891,Mueller OR Flynn OR Manafort OR Cohen AND lastPublishDateTime:>2018-07-01T00:00:00Z AND lastPublishDateTime:<2018-08-02T00:00:00Z,e909d046-8f90-11e8-b639-7680cedcc421
892,Mueller OR Flynn OR Manafort OR Cohen AND lastPublishDateTime:>2018-07-01T00:00:00Z AND lastPublishDateTime:<2018-08-02T00:00:00Z,adb2f39a-8fab-11e8-b639-7680cedcc421
893,Mueller OR Flynn OR Manafort OR Cohen AND lastPublishDateTime:>2018-07-01T00:00:00Z AND lastPublishDateTime:<2018-08-02T00:00:00Z,c1ba03bc-8e7d-11e8-bb8f-a6a2f7bca546
894,Mueller OR Flynn OR Manafort OR Cohen AND lastPublishDateTime:>2018-07-01T00:00:00Z AND lastPublishDateTime:<2018-08-02T00:00:00Z,d56becd6-8d60-11e8-b639-7680cedcc421
895,Mueller OR Flynn OR Manafort OR Cohen AND lastPublishDateTime:>2018-07-01T00:00:00Z AND lastPublishDateTime:<2018-08-02T00:00:00Z,28082e50-8a9b-11e8-bf9e-8771d5404543
896,Mueller OR Flynn OR Manafort OR Cohen AND lastPublishDateTime:>2018-07-01T00:00:00Z AND lastPublishDateTime:<2018-08-02T00:00:00Z,afaae4d0-8d23-11e8-b639-7680cedcc421
897,Mueller OR Flynn OR Manafort OR Cohen AND lastPublishDateTime:>2018-07-01T00:00:00Z AND lastPublishDateTime:<2018-08-02T00:00:00Z,e78c92a2-8c58-11e8-bf9e-8771d5404543
898,Mueller OR Flynn OR Manafort OR Cohen AND lastPublishDateTime:>2018-07-01T00:00:00Z AND lastPublishDateTime:<2018-08-02T00:00:00Z,f01336b8-8a75-11e8-affd-da9960227309
899,Mueller OR Flynn OR Manafort OR Cohen AND lastPublishDateTime:>2018-07-01T00:00:00Z AND lastPublishDateTime:<2018-08-02T00:00:00Z,539a97d4-890a-11e8-b18d-0181731a0340
900,Mueller OR Flynn OR Manafort OR Cohen AND lastPublishDateTime:>2018-07-01T00:00:00Z AND lastPublishDateTime:<2018-08-02T00:00:00Z,38855320-88de-11e8-b18d-0181731a0340
901,Mueller OR Flynn OR Manafort OR Cohen AND lastPublishDateTime:>2018-07-01T00:00:00Z AND lastPublishDateTime:<2018-08-02T00:00:00Z,064a4b34-869c-11e8-96dd-fa565ec55929
902,Mueller OR Flynn OR Manafort OR Cohen AND lastPublishDateTime:>2018-07-01T00:00:00Z AND lastPublishDateTime:<2018-08-02T00:00:00Z,b5273822-548a-11e8-84f4-43d65af59d43
903,Mueller OR Flynn OR Manafort OR Cohen AND lastPublishDateTime:>2018-07-01T00:00:00Z AND lastPublishDateTime:<2018-08-02T00:00:00Z,157a64a6-8492-11e8-96dd-fa565ec55929
904,Mueller OR Flynn OR Manafort OR Cohen AND lastPublishDateTime:>2018-07-01T00:00:00Z AND lastPublishDateTime:<2018-08-02T00:00:00Z,1bdc0796-7f6a-11e8-8e67-1e1a0846c475
905,Mueller OR Flynn OR Manafort OR Cohen AND lastPublishDateTime:>2018-07-01T00:00:00Z AND lastPublishDateTime:<2018-08-02T00:00:00Z,dfa812da-810b-11e8-bc55-50daf11b720d
906,Mueller OR Flynn OR Manafort OR Cohen AND lastPublishDateTime:>2018-07-01T00:00:00Z AND lastPublishDateTime:<2018-08-02T00:00:00Z,9090097a-805a-11e8-bc55-50daf11b720d
907,Mueller OR Flynn OR Manafort OR Cohen AND lastPublishDateTime:>2018-07-01T00:00:00Z AND lastPublishDateTime:<2018-08-02T00:00:00Z,1d35c186-8055-11e8-bc55-50daf11b720d
908,Mueller OR Flynn OR Manafort OR Cohen AND lastPublishDateTime:>2018-07-01T00:00:00Z AND lastPublishDateTime:<2018-08-02T00:00:00Z,9531171a-8075-11e8-8e67-1e1a0846c475
909,Mueller OR Flynn OR Manafort OR Cohen AND lastPublishDateTime:>2018-07-01T00:00:00Z AND lastPublishDateTime:<2018-08-02T00:00:00Z,caf63748-808b-11e8-bc55-50daf11b720d
910,Mueller OR Flynn OR Manafort OR Cohen AND lastPublishDateTime:>2018-07-01T00:00:00Z AND lastPublishDateTime:<2018-08-02T00:00:00Z,20324920-7f76-11e8-8e67-1e1a0846c475
911,Mueller OR Flynn OR Manafort OR Cohen AND lastPublishDateTime:>2018-07-01T00:00:00Z AND lastPublishDateTime:<2018-08-02T00:00:00Z,87486152-7e0a-11e8-bc55-50daf11b720d
912,Mueller OR Flynn OR Manafort OR Cohen AND lastPublishDateTime:>2018-07-01T00:00:00Z AND lastPublishDateTime:<2018-08-02T00:00:00Z,8ee839aa-7dce-11e8-bc55-50daf11b720d
913,Mueller OR Flynn OR Manafort OR Cohen AND lastPublishDateTime:>2018-08-01T00:00:00Z AND lastPublishDateTime:<2018-09-02T00:00:00Z,f1955ace-ae02-11e8-99ca-68cf89602132
914,Mueller OR Flynn OR Manafort OR Cohen AND lastPublishDateTime:>2018-08-01T00:00:00Z AND lastPublishDateTime:<2018-09-02T00:00:00Z,bc5bcda6-ad2c-11e8-94bd-cba20d67390c
915,Mueller OR Flynn OR Manafort OR Cohen AND lastPublishDateTime:>2018-08-01T00:00:00Z AND lastPublishDateTime:<2018-09-02T00:00:00Z,d186621e-acb8-11e8-89a1-e5de165fa619
916,Mueller OR Flynn OR Manafort OR Cohen AND lastPublishDateTime:>2018-08-01T00:00:00Z AND lastPublishDateTime:<2018-09-02T00:00:00Z,e285f286-ac96-11e8-94bd-cba20d67390c
917,Mueller OR Flynn OR Manafort OR Cohen AND lastPublishDateTime:>2018-08-01T00:00:00Z AND lastPublishDateTime:<2018-09-02T00:00:00Z,864244d8-ab89-11e8-89a1-e5de165fa619
918,Mueller OR Flynn OR Manafort OR Cohen AND lastPublishDateTime:>2018-08-01T00:00:00Z AND lastPublishDateTime:<2018-09-02T00:00:00Z,ea1a5a5e-ab48-11e8-94bd-cba20d67390c
919,Mueller OR Flynn OR Manafort OR Cohen AND lastPublishDateTime:>2018-08-01T00:00:00Z AND lastPublishDateTime:<2018-09-02T00:00:00Z,9484b2bc-ab3c-11e8-94bd-cba20d67390c
920,Mueller OR Flynn OR Manafort OR Cohen AND lastPublishDateTime:>2018-08-01T00:00:00Z AND lastPublishDateTime:<2018-09-02T00:00:00Z,40538a76-aa18-11e8-89a1-e5de165fa619
921,Mueller OR Flynn OR Manafort OR Cohen AND lastPublishDateTime:>2018-08-01T00:00:00Z AND lastPublishDateTime:<2018-09-02T00:00:00Z,ddd9db26-a610-11e8-926a-7342fe5e173f
922,Mueller OR Flynn OR Manafort OR Cohen AND lastPublishDateTime:>2018-08-01T00:00:00Z AND lastPublishDateTime:<2018-09-02T00:00:00Z,3516af24-aaa1-11e8-94bd-cba20d67390c
923,Mueller OR Flynn OR Manafort OR Cohen AND lastPublishDateTime:>2018-08-01T00:00:00Z AND lastPublishDateTime:<2018-09-02T00:00:00Z,60a58e68-a7c1-11e8-926a-7342fe5e173f
924,Mueller OR Flynn OR Manafort OR Cohen AND lastPublishDateTime:>2018-08-01T00:00:00Z AND lastPublishDateTime:<2018-09-02T00:00:00Z,a76c6a38-a802-11e8-8ecf-a7ae1beff35b
925,Mueller OR Flynn OR Manafort OR Cohen AND lastPublishDateTime:>2018-08-01T00:00:00Z AND lastPublishDateTime:<2018-09-02T00:00:00Z,1a064f98-a7c0-11e8-8ecf-a7ae1beff35b
926,Mueller OR Flynn OR Manafort OR Cohen AND lastPublishDateTime:>2018-08-01T00:00:00Z AND lastPublishDateTime:<2018-09-02T00:00:00Z,97d95cfa-a7d2-11e8-926a-7342fe5e173f
927,Mueller OR Flynn OR Manafort OR Cohen AND lastPublishDateTime:>2018-08-01T00:00:00Z AND lastPublishDateTime:<2018-09-02T00:00:00Z,6a4fb744-a781-11e8-926a-7342fe5e173f
928,Mueller OR Flynn OR Manafort OR Cohen AND lastPublishDateTime:>2018-08-01T00:00:00Z AND lastPublishDateTime:<2018-09-02T00:00:00Z,2c23062c-a7ba-11e8-926a-7342fe5e173f
929,Mueller OR Flynn OR Manafort OR Cohen AND lastPublishDateTime:>2018-08-01T00:00:00Z AND lastPublishDateTime:<2018-09-02T00:00:00Z,000b3e02-a6fb-11e8-8ecf-a7ae1beff35b
930,Mueller OR Flynn OR Manafort OR Cohen AND lastPublishDateTime:>2018-08-01T00:00:00Z AND lastPublishDateTime:<2018-09-02T00:00:00Z,f848ddb4-a795-11e8-926a-7342fe5e173f
931,Mueller OR Flynn OR Manafort OR Cohen AND lastPublishDateTime:>2018-08-01T00:00:00Z AND lastPublishDateTime:<2018-09-02T00:00:00Z,54ff22f6-a0a8-11e8-85da-eeb7a9ce36e4
932,Mueller OR Flynn OR Manafort OR Cohen AND lastPublishDateTime:>2018-08-01T00:00:00Z AND lastPublishDateTime:<2018-09-02T00:00:00Z,9d6ca988-a39a-11e8-8ecf-a7ae1beff35b
933,Mueller OR Flynn OR Manafort OR Cohen AND lastPublishDateTime:>2018-08-01T00:00:00Z AND lastPublishDateTime:<2018-09-02T00:00:00Z,e55e80b8-a6bf-11e8-a1b6-f368d365bf0e
934,Mueller OR Flynn OR Manafort OR Cohen AND lastPublishDateTime:>2018-08-01T00:00:00Z AND lastPublishDateTime:<2018-09-02T00:00:00Z,89be6626-a717-11e8-8ecf-a7ae1beff35b
935,Mueller OR Flynn OR Manafort OR Cohen AND lastPublishDateTime:>2018-08-01T00:00:00Z AND lastPublishDateTime:<2018-09-02T00:00:00Z,05c70522-a6fd-11e8-8ecf-a7ae1beff35b
936,Mueller OR Flynn OR Manafort OR Cohen AND lastPublishDateTime:>2018-08-01T00:00:00Z AND lastPublishDateTime:<2018-09-02T00:00:00Z,54b93202-a69b-11e8-926a-7342fe5e173f
937,Mueller OR Flynn OR Manafort OR Cohen AND lastPublishDateTime:>2018-08-01T00:00:00Z AND lastPublishDateTime:<2018-09-02T00:00:00Z,b2d2cfdc-a6f1-11e8-926a-7342fe5e173f
938,Mueller OR Flynn OR Manafort OR Cohen AND lastPublishDateTime:>2018-08-01T00:00:00Z AND lastPublishDateTime:<2018-09-02T00:00:00Z,210d5d82-a6fc-11e8-926a-7342fe5e173f
939,Mueller OR Flynn OR Manafort OR Cohen AND lastPublishDateTime:>2018-08-01T00:00:00Z AND lastPublishDateTime:<2018-09-02T00:00:00Z,f29657d0-a6ea-11e8-926a-7342fe5e173f
940,Mueller OR Flynn OR Manafort OR Cohen AND lastPublishDateTime:>2018-08-01T00:00:00Z AND lastPublishDateTime:<2018-09-02T00:00:00Z,5f7cf3ac-a6c5-11e8-8ecf-a7ae1beff35b
941,Mueller OR Flynn OR Manafort OR Cohen AND lastPublishDateTime:>2018-08-01T00:00:00Z AND lastPublishDateTime:<2018-09-02T00:00:00Z,0798c606-a61c-11e8-8ecf-a7ae1beff35b
942,Mueller OR Flynn OR Manafort OR Cohen AND lastPublishDateTime:>2018-08-01T00:00:00Z AND lastPublishDateTime:<2018-09-02T00:00:00Z,73ae93ae-a61a-11e8-8ecf-a7ae1beff35b
943,Mueller OR Flynn OR Manafort OR Cohen AND lastPublishDateTime:>2018-08-01T00:00:00Z AND lastPublishDateTime:<2018-09-02T00:00:00Z,265756fa-a696-11e8-926a-7342fe5e173f
944,Mueller OR Flynn OR Manafort OR Cohen AND lastPublishDateTime:>2018-08-01T00:00:00Z AND lastPublishDateTime:<2018-09-02T00:00:00Z,7205c7c6-a628-11e8-926a-7342fe5e173f
945,Mueller OR Flynn OR Manafort OR Cohen AND lastPublishDateTime:>2018-08-01T00:00:00Z AND lastPublishDateTime:<2018-09-02T00:00:00Z,0556a018-a624-11e8-8ecf-a7ae1beff35b
946,Mueller OR Flynn OR Manafort OR Cohen AND lastPublishDateTime:>2018-08-01T00:00:00Z AND lastPublishDateTime:<2018-09-02T00:00:00Z,a3c3acec-a5f6-11e8-926a-7342fe5e173f
947,Mueller OR Flynn OR Manafort OR Cohen AND lastPublishDateTime:>2018-08-01T00:00:00Z AND lastPublishDateTime:<2018-09-02T00:00:00Z,48423aba-a613-11e8-926a-7342fe5e173f
948,Mueller OR Flynn OR Manafort OR Cohen AND lastPublishDateTime:>2018-08-01T00:00:00Z AND lastPublishDateTime:<2018-09-02T00:00:00Z,7ca35640-a627-11e8-926a-7342fe5e173f
949,Mueller OR Flynn OR Manafort OR Cohen AND lastPublishDateTime:>2018-08-01T00:00:00Z AND lastPublishDateTime:<2018-09-02T00:00:00Z,81eb028c-a61e-11e8-8ecf-a7ae1beff35b
950,Mueller OR Flynn OR Manafort OR Cohen AND lastPublishDateTime:>2018-08-01T00:00:00Z AND lastPublishDateTime:<2018-09-02T00:00:00Z,4d4bb904-a600-11e8-926a-7342fe5e173f
951,Mueller OR Flynn OR Manafort OR Cohen AND lastPublishDateTime:>2018-08-01T00:00:00Z AND lastPublishDateTime:<2018-09-02T00:00:00Z,19819e26-a552-11e8-8ecf-a7ae1beff35b
952,Mueller OR Flynn OR Manafort OR Cohen AND lastPublishDateTime:>2018-08-01T00:00:00Z AND lastPublishDateTime:<2018-09-02T00:00:00Z,fd4f55ea-a5ec-11e8-8ecf-a7ae1beff35b
953,Mueller OR Flynn OR Manafort OR Cohen AND lastPublishDateTime:>2018-08-01T00:00:00Z AND lastPublishDateTime:<2018-09-02T00:00:00Z,81388eae-a5ab-11e8-8ecf-a7ae1beff35b
954,Mueller OR Flynn OR Manafort OR Cohen AND lastPublishDateTime:>2018-08-01T00:00:00Z AND lastPublishDateTime:<2018-09-02T00:00:00Z,5763cb28-a5df-11e8-8ecf-a7ae1beff35b
955,Mueller OR Flynn OR Manafort OR Cohen AND lastPublishDateTime:>2018-08-01T00:00:00Z AND lastPublishDateTime:<2018-09-02T00:00:00Z,bd4e24fc-a5c5-11e8-8ecf-a7ae1beff35b
956,Mueller OR Flynn OR Manafort OR Cohen AND lastPublishDateTime:>2018-08-01T00:00:00Z AND lastPublishDateTime:<2018-09-02T00:00:00Z,c679a14a-a5b7-11e8-8ecf-a7ae1beff35b
957,Mueller OR Flynn OR Manafort OR Cohen AND lastPublishDateTime:>2018-08-01T00:00:00Z AND lastPublishDateTime:<2018-09-02T00:00:00Z,5de0b3fc-a5a4-11e8-8ecf-a7ae1beff35b
958,Mueller OR Flynn OR Manafort OR Cohen AND lastPublishDateTime:>2018-08-01T00:00:00Z AND lastPublishDateTime:<2018-09-02T00:00:00Z,a1cba228-a57e-11e8-926a-7342fe5e173f
959,Mueller OR Flynn OR Manafort OR Cohen AND lastPublishDateTime:>2018-08-01T00:00:00Z AND lastPublishDateTime:<2018-09-02T00:00:00Z,1011ba3c-a594-11e8-926a-7342fe5e173f
960,Mueller OR Flynn OR Manafort OR Cohen AND lastPublishDateTime:>2018-08-01T00:00:00Z AND lastPublishDateTime:<2018-09-02T00:00:00Z,70236e2c-a592-11e8-8ecf-a7ae1beff35b
961,Mueller OR Flynn OR Manafort OR Cohen AND lastPublishDateTime:>2018-08-01T00:00:00Z AND lastPublishDateTime:<2018-09-02T00:00:00Z,9be24f1e-a584-11e8-926a-7342fe5e173f
962,Mueller OR Flynn OR Manafort OR Cohen AND lastPublishDateTime:>2018-08-01T00:00:00Z AND lastPublishDateTime:<2018-09-02T00:00:00Z,2b2b49e4-a235-11e8-85da-eeb7a9ce36e4
963,Mueller OR Flynn OR Manafort OR Cohen AND lastPublishDateTime:>2018-08-01T00:00:00Z AND lastPublishDateTime:<2018-09-02T00:00:00Z,bc8436be-a571-11e8-926a-7342fe5e173f
964,Mueller OR Flynn OR Manafort OR Cohen AND lastPublishDateTime:>2018-08-01T00:00:00Z AND lastPublishDateTime:<2018-09-02T00:00:00Z,429c9540-9fd0-11e8-85da-eeb7a9ce36e4
965,Mueller OR Flynn OR Manafort OR Cohen AND lastPublishDateTime:>2018-08-01T00:00:00Z AND lastPublishDateTime:<2018-09-02T00:00:00Z,7d6651c4-9ddd-11e8-85da-eeb7a9ce36e4
966,Mueller OR Flynn OR Manafort OR Cohen AND lastPublishDateTime:>2018-08-01T00:00:00Z AND lastPublishDateTime:<2018-09-02T00:00:00Z,3f6a5ff2-9bbf-11e8-88de-49c908b1f264
967,Mueller OR Flynn OR Manafort OR Cohen AND lastPublishDateTime:>2018-08-01T00:00:00Z AND lastPublishDateTime:<2018-09-02T00:00:00Z,e72fcece-9bc0-11e8-ab77-f854c65a4465
968,Mueller OR Flynn OR Manafort OR Cohen AND lastPublishDateTime:>2018-08-01T00:00:00Z AND lastPublishDateTime:<2018-09-02T00:00:00Z,c883f546-999e-11e8-9702-5946bae86e6d
969,Mueller OR Flynn OR Manafort OR Cohen AND lastPublishDateTime:>2018-08-01T00:00:00Z AND lastPublishDateTime:<2018-09-02T00:00:00Z,19bf161a-96c1-11e8-b67b-b8205561c3fe
970,Mueller OR Flynn OR Manafort OR Cohen AND lastPublishDateTime:>2018-08-01T00:00:00Z AND lastPublishDateTime:<2018-09-02T00:00:00Z,cdbdd01a-95b4-11e8-95f8-8640db9060a7
971,Mueller OR Flynn OR Manafort OR Cohen AND lastPublishDateTime:>2018-09-01T00:00:00Z AND lastPublishDateTime:<2018-10-02T00:00:00Z,a11f08c2-c59c-11e8-82bf-ab93d0a9b321
972,Mueller OR Flynn OR Manafort OR Cohen AND lastPublishDateTime:>2018-09-01T00:00:00Z AND lastPublishDateTime:<2018-10-02T00:00:00Z,490cc960-c2c9-11e8-95b1-d36dfef1b89a
973,Mueller OR Flynn OR Manafort OR Cohen AND lastPublishDateTime:>2018-09-01T00:00:00Z AND lastPublishDateTime:<2018-10-02T00:00:00Z,597468d8-c10e-11e8-95b1-d36dfef1b89a
974,Mueller OR Flynn OR Manafort OR Cohen AND lastPublishDateTime:>2018-09-01T00:00:00Z AND lastPublishDateTime:<2018-10-02T00:00:00Z,994e08fc-bd0c-11e8-8274-55b72926558f
975,Mueller OR Flynn OR Manafort OR Cohen AND lastPublishDateTime:>2018-09-01T00:00:00Z AND lastPublishDateTime:<2018-10-02T00:00:00Z,d1c607a6-c037-11e8-95b1-d36dfef1b89a
976,Mueller OR Flynn OR Manafort OR Cohen AND lastPublishDateTime:>2018-09-01T00:00:00Z AND lastPublishDateTime:<2018-10-02T00:00:00Z,20e33b56-c001-11e8-8d55-54197280d3f7
977,Mueller OR Flynn OR Manafort OR Cohen AND lastPublishDateTime:>2018-09-01T00:00:00Z AND lastPublishDateTime:<2018-10-02T00:00:00Z,8cb97492-bcde-11e8-94b2-17176fbf93f5
978,Mueller OR Flynn OR Manafort OR Cohen AND lastPublishDateTime:>2018-09-01T00:00:00Z AND lastPublishDateTime:<2018-10-02T00:00:00Z,93220c0e-bcc0-11e8-8dfd-2f1cbc7ee27c
979,Mueller OR Flynn OR Manafort OR Cohen AND lastPublishDateTime:>2018-09-01T00:00:00Z AND lastPublishDateTime:<2018-10-02T00:00:00Z,e0d981c4-bd3e-11e8-94b2-17176fbf93f5
980,Mueller OR Flynn OR Manafort OR Cohen AND lastPublishDateTime:>2018-09-01T00:00:00Z AND lastPublishDateTime:<2018-10-02T00:00:00Z,57b7f408-b80b-11e8-a1d8-15c2dd1280ff
981,Mueller OR Flynn OR Manafort OR Cohen AND lastPublishDateTime:>2018-09-01T00:00:00Z AND lastPublishDateTime:<2018-10-02T00:00:00Z,561685fa-bb13-11e8-94b2-17176fbf93f5
982,Mueller OR Flynn OR Manafort OR Cohen AND lastPublishDateTime:>2018-09-01T00:00:00Z AND lastPublishDateTime:<2018-10-02T00:00:00Z,f098320c-bbc9-11e8-94b2-17176fbf93f5
983,Mueller OR Flynn OR Manafort OR Cohen AND lastPublishDateTime:>2018-09-01T00:00:00Z AND lastPublishDateTime:<2018-10-02T00:00:00Z,568573d0-b4f5-11e8-a1d8-15c2dd1280ff
984,Mueller OR Flynn OR Manafort OR Cohen AND lastPublishDateTime:>2018-09-01T00:00:00Z AND lastPublishDateTime:<2018-10-02T00:00:00Z,f47870c0-b823-11e8-b3ef-799c8613f4a1
985,Mueller OR Flynn OR Manafort OR Cohen AND lastPublishDateTime:>2018-09-01T00:00:00Z AND lastPublishDateTime:<2018-10-02T00:00:00Z,cebd142a-b4ff-11e8-a1d8-15c2dd1280ff
986,Mueller OR Flynn OR Manafort OR Cohen AND lastPublishDateTime:>2018-09-01T00:00:00Z AND lastPublishDateTime:<2018-10-02T00:00:00Z,3a724c10-ac47-11e8-94bd-cba20d67390c
987,Mueller OR Flynn OR Manafort OR Cohen AND lastPublishDateTime:>2018-09-01T00:00:00Z AND lastPublishDateTime:<2018-10-02T00:00:00Z,46641e26-93f2-11e8-95f8-8640db9060a7
988,Mueller OR Flynn OR Manafort OR Cohen AND lastPublishDateTime:>2018-09-01T00:00:00Z AND lastPublishDateTime:<2018-10-02T00:00:00Z,ed1ac158-b41c-11e8-b3ef-799c8613f4a1
989,Mueller OR Flynn OR Manafort OR Cohen AND lastPublishDateTime:>2018-09-01T00:00:00Z AND lastPublishDateTime:<2018-10-02T00:00:00Z,4922add0-b2a6-11e8-99ca-68cf89602132
990,Mueller OR Flynn OR Manafort OR Cohen AND lastPublishDateTime:>2018-09-01T00:00:00Z AND lastPublishDateTime:<2018-10-02T00:00:00Z,c563e64e-ab7a-11e8-8253-48106866cd8a
991,Mueller OR Flynn OR Manafort OR Cohen AND lastPublishDateTime:>2018-09-01T00:00:00Z AND lastPublishDateTime:<2018-10-02T00:00:00Z,ee7db0c6-b09a-11e8-8d14-6f049d06439c
992,Mueller OR Flynn OR Manafort OR Cohen AND lastPublishDateTime:>2018-09-01T00:00:00Z AND lastPublishDateTime:<2018-10-02T00:00:00Z,51c92a6c-b09a-11e8-8d14-6f049d06439c
993,Mueller OR Flynn OR Manafort OR Cohen AND lastPublishDateTime:>2018-09-01T00:00:00Z AND lastPublishDateTime:<2018-10-02T00:00:00Z,114bdfe0-b1ec-11e8-8d14-6f049d06439c
994,Mueller OR Flynn OR Manafort OR Cohen AND lastPublishDateTime:>2018-09-01T00:00:00Z AND lastPublishDateTime:<2018-10-02T00:00:00Z,d3d9282e-b11f-11e8-8d14-6f049d06439c
995,Mueller OR Flynn OR Manafort OR Cohen AND lastPublishDateTime:>2018-09-01T00:00:00Z AND lastPublishDateTime:<2018-10-02T00:00:00Z,ca28daa0-b09c-11e8-8d14-6f049d06439c
996,Mueller OR Flynn OR Manafort OR Cohen AND lastPublishDateTime:>2018-09-01T00:00:00Z AND lastPublishDateTime:<2018-10-02T00:00:00Z,54fe8c30-b0a0-11e8-8d14-6f049d06439c
997,Mueller OR Flynn OR Manafort OR Cohen AND lastPublishDateTime:>2018-09-01T00:00:00Z AND lastPublishDateTime:<2018-10-02T00:00:00Z,3b45a72c-ac74-11e8-94bd-cba20d67390c
998,Mueller OR Flynn OR Manafort OR Cohen AND lastPublishDateTime:>2018-09-01T00:00:00Z AND lastPublishDateTime:<2018-10-02T00:00:00Z,f1955ace-ae02-11e8-99ca-68cf89602132
999,Mueller OR Flynn OR Manafort OR Cohen AND lastPublishDateTime:>2018-10-01T00:00:00Z AND lastPublishDateTime:<2018-11-02T00:00:00Z,3bf86948-db95-11e8-8f50-cbae5495d92b
1000,Mueller OR Flynn OR Manafort OR Cohen AND lastPublishDateTime:>2018-10-01T00:00:00Z AND lastPublishDateTime:<2018-11-02T00:00:00Z,427ab8c8-d944-11e8-ab8e-6be0dcf18713
1001,Mueller OR Flynn OR Manafort OR Cohen AND lastPublishDateTime:>2018-10-01T00:00:00Z AND lastPublishDateTime:<2018-11-02T00:00:00Z,f732c748-c7c8-11e8-86e6-19f5b7134d1c
1002,Mueller OR Flynn OR Manafort OR Cohen AND lastPublishDateTime:>2018-10-01T00:00:00Z AND lastPublishDateTime:<2018-11-02T00:00:00Z,b17eac24-d2c4-11e8-a9f2-7574db66bcd5
1003,Mueller OR Flynn OR Manafort OR Cohen AND lastPublishDateTime:>2018-10-01T00:00:00Z AND lastPublishDateTime:<2018-11-02T00:00:00Z,3e31cdcc-d798-11e8-a854-33d6f82e62f8
1004,Mueller OR Flynn OR Manafort OR Cohen AND lastPublishDateTime:>2018-10-01T00:00:00Z AND lastPublishDateTime:<2018-11-02T00:00:00Z,e144d950-caeb-11e8-8d0b-a6539b949662
1005,Mueller OR Flynn OR Manafort OR Cohen AND lastPublishDateTime:>2018-10-01T00:00:00Z AND lastPublishDateTime:<2018-11-02T00:00:00Z,43ea90e4-cc7d-11e8-b276-b9069bde0956
1006,Mueller OR Flynn OR Manafort OR Cohen AND lastPublishDateTime:>2018-10-01T00:00:00Z AND lastPublishDateTime:<2018-11-02T00:00:00Z,13b2d658-c641-11e8-86e6-19f5b7134d1c
1007,Mueller OR Flynn OR Manafort OR Cohen AND lastPublishDateTime:>2018-10-01T00:00:00Z AND lastPublishDateTime:<2018-11-02T00:00:00Z,9e648ddc-91d5-11e8-9609-3d3b945e78cf
1008,Mueller OR Flynn OR Manafort OR Cohen AND lastPublishDateTime:>2018-10-01T00:00:00Z AND lastPublishDateTime:<2018-11-02T00:00:00Z,a11f08c2-c59c-11e8-82bf-ab93d0a9b321
1009,Mueller OR Flynn OR Manafort OR Cohen AND lastPublishDateTime:>2018-11-01T00:00:00Z AND lastPublishDateTime:<2018-12-02T00:00:00Z,fac2c9a8-f568-11e8-af46-2022a0b02a6c
1010,Mueller OR Flynn OR Manafort OR Cohen AND lastPublishDateTime:>2018-11-01T00:00:00Z AND lastPublishDateTime:<2018-12-02T00:00:00Z,d8350d16-f170-11e8-938a-543765795f99
1011,Mueller OR Flynn OR Manafort OR Cohen AND lastPublishDateTime:>2018-11-01T00:00:00Z AND lastPublishDateTime:<2018-12-02T00:00:00Z,3259a18a-f414-11e8-ae55-df4bf40f9d0d
1012,Mueller OR Flynn OR Manafort OR Cohen AND lastPublishDateTime:>2018-11-01T00:00:00Z AND lastPublishDateTime:<2018-12-02T00:00:00Z,a92fc0c0-f44e-11e8-9623-d7f9881e729f
1013,Mueller OR Flynn OR Manafort OR Cohen AND lastPublishDateTime:>2018-11-01T00:00:00Z AND lastPublishDateTime:<2018-12-02T00:00:00Z,ca0b04d8-f428-11e8-ae55-df4bf40f9d0d
1014,Mueller OR Flynn OR Manafort OR Cohen AND lastPublishDateTime:>2018-11-01T00:00:00Z AND lastPublishDateTime:<2018-12-02T00:00:00Z,58198a2c-f3e5-11e8-9623-d7f9881e729f
1015,Mueller OR Flynn OR Manafort OR Cohen AND lastPublishDateTime:>2018-11-01T00:00:00Z AND lastPublishDateTime:<2018-12-02T00:00:00Z,31c82f9c-deb2-11e8-b173-ebef6ab1374a
1016,Mueller OR Flynn OR Manafort OR Cohen AND lastPublishDateTime:>2018-11-01T00:00:00Z AND lastPublishDateTime:<2018-12-02T00:00:00Z,6e50d69c-eeb8-11e8-8180-9cf212677a57
1017,Mueller OR Flynn OR Manafort OR Cohen AND lastPublishDateTime:>2018-11-01T00:00:00Z AND lastPublishDateTime:<2018-12-02T00:00:00Z,fd0fcb42-ed26-11e8-8180-9cf212677a57
1018,Mueller OR Flynn OR Manafort OR Cohen AND lastPublishDateTime:>2018-11-01T00:00:00Z AND lastPublishDateTime:<2018-12-02T00:00:00Z,c16735e6-e9af-11e8-a34c-663b3f553b35
1019,Mueller OR Flynn OR Manafort OR Cohen AND lastPublishDateTime:>2018-11-01T00:00:00Z AND lastPublishDateTime:<2018-12-02T00:00:00Z,41e8130a-e8fe-11e8-a34c-663b3f553b35
1020,Mueller OR Flynn OR Manafort OR Cohen AND lastPublishDateTime:>2018-11-01T00:00:00Z AND lastPublishDateTime:<2018-12-02T00:00:00Z,56b9b280-e87b-11e8-8a85-04b8afea6ea3
1021,Mueller OR Flynn OR Manafort OR Cohen AND lastPublishDateTime:>2018-11-01T00:00:00Z AND lastPublishDateTime:<2018-12-02T00:00:00Z,f13ff2c4-e7f9-11e8-8a85-04b8afea6ea3
1022,Mueller OR Flynn OR Manafort OR Cohen AND lastPublishDateTime:>2018-11-01T00:00:00Z AND lastPublishDateTime:<2018-12-02T00:00:00Z,5ae10408-e736-11e8-8a85-04b8afea6ea3
1023,Mueller OR Flynn OR Manafort OR Cohen AND lastPublishDateTime:>2018-11-01T00:00:00Z AND lastPublishDateTime:<2018-12-02T00:00:00Z,180aa324-e7bc-11e8-8a85-04b8afea6ea3
1024,Mueller OR Flynn OR Manafort OR Cohen AND lastPublishDateTime:>2018-11-01T00:00:00Z AND lastPublishDateTime:<2018-12-02T00:00:00Z,a0be0ba4-e099-11e8-8e70-5e22a430c1ad
1025,Mueller OR Flynn OR Manafort OR Cohen AND lastPublishDateTime:>2018-11-01T00:00:00Z AND lastPublishDateTime:<2018-12-02T00:00:00Z,d48dc9bc-db9c-11e8-8f50-cbae5495d92b
1026,Mueller OR Flynn OR Manafort OR Cohen AND lastPublishDateTime:>2018-11-01T00:00:00Z AND lastPublishDateTime:<2018-12-02T00:00:00Z,74e36b3a-deb1-11e8-8f50-cbae5495d92b
1027,Mueller OR Flynn OR Manafort OR Cohen AND lastPublishDateTime:>2018-12-01T00:00:00Z AND lastPublishDateTime:<2019-01-02T00:00:00Z,93a0fbcc-0bf8-11e9-a3aa-118c761d2745
1028,Mueller OR Flynn OR Manafort OR Cohen AND lastPublishDateTime:>2018-12-01T00:00:00Z AND lastPublishDateTime:<2019-01-02T00:00:00Z,27a04990-0550-11e9-9d01-cd4d49afbbe3
1029,Mueller OR Flynn OR Manafort OR Cohen AND lastPublishDateTime:>2018-12-01T00:00:00Z AND lastPublishDateTime:<2019-01-02T00:00:00Z,a5c6b91c-1ae2-11e7-9519-a200b6e21c5a
1030,Mueller OR Flynn OR Manafort OR Cohen AND lastPublishDateTime:>2018-12-01T00:00:00Z AND lastPublishDateTime:<2019-01-02T00:00:00Z,0e8d4a9a-0616-11e9-9fe8-acdb36967cfc
1031,Mueller OR Flynn OR Manafort OR Cohen AND lastPublishDateTime:>2018-12-01T00:00:00Z AND lastPublishDateTime:<2019-01-02T00:00:00Z,9be144bc-0546-11e9-99df-6183d3002ee1
1032,Mueller OR Flynn OR Manafort OR Cohen AND lastPublishDateTime:>2018-12-01T00:00:00Z AND lastPublishDateTime:<2019-01-02T00:00:00Z,ea0ea4cc-0320-11e9-9d01-cd4d49afbbe3
1033,Mueller OR Flynn OR Manafort OR Cohen AND lastPublishDateTime:>2018-12-01T00:00:00Z AND lastPublishDateTime:<2019-01-02T00:00:00Z,e6255c74-04a7-11e9-9d01-cd4d49afbbe3
1034,Mueller OR Flynn OR Manafort OR Cohen AND lastPublishDateTime:>2018-12-01T00:00:00Z AND lastPublishDateTime:<2019-01-02T00:00:00Z,07af1e62-02e0-11e9-9d01-cd4d49afbbe3
1035,Mueller OR Flynn OR Manafort OR Cohen AND lastPublishDateTime:>2018-12-01T00:00:00Z AND lastPublishDateTime:<2019-01-02T00:00:00Z,f62f01fa-0151-11e9-99df-6183d3002ee1
1036,Mueller OR Flynn OR Manafort OR Cohen AND lastPublishDateTime:>2018-12-01T00:00:00Z AND lastPublishDateTime:<2019-01-02T00:00:00Z,757088c6-ffcc-11e8-aebf-99e208d3e521
1037,Mueller OR Flynn OR Manafort OR Cohen AND lastPublishDateTime:>2018-12-01T00:00:00Z AND lastPublishDateTime:<2019-01-02T00:00:00Z,16d20e26-fa3a-11e8-8b7c-6fa24bd5409c
1038,Mueller OR Flynn OR Manafort OR Cohen AND lastPublishDateTime:>2018-12-01T00:00:00Z AND lastPublishDateTime:<2019-01-02T00:00:00Z,93d86f64-fef4-11e8-ac00-57a2a826423e
1039,Mueller OR Flynn OR Manafort OR Cohen AND lastPublishDateTime:>2018-12-01T00:00:00Z AND lastPublishDateTime:<2019-01-02T00:00:00Z,ee50f89a-feda-11e8-ac00-57a2a826423e
1040,Mueller OR Flynn OR Manafort OR Cohen AND lastPublishDateTime:>2018-12-01T00:00:00Z AND lastPublishDateTime:<2019-01-02T00:00:00Z,5219c782-fe43-11e8-aebf-99e208d3e521
1041,Mueller OR Flynn OR Manafort OR Cohen AND lastPublishDateTime:>2018-12-01T00:00:00Z AND lastPublishDateTime:<2019-01-02T00:00:00Z,0b4f54e0-fe1e-11e8-aebf-99e208d3e521
1042,Mueller OR Flynn OR Manafort OR Cohen AND lastPublishDateTime:>2018-12-01T00:00:00Z AND lastPublishDateTime:<2019-01-02T00:00:00Z,d5496df6-fe07-11e8-ac00-57a2a826423e
1043,Mueller OR Flynn OR Manafort OR Cohen AND lastPublishDateTime:>2018-12-01T00:00:00Z AND lastPublishDateTime:<2019-01-02T00:00:00Z,73826594-fe45-11e8-aebf-99e208d3e521
1044,Mueller OR Flynn OR Manafort OR Cohen AND lastPublishDateTime:>2018-12-01T00:00:00Z AND lastPublishDateTime:<2019-01-02T00:00:00Z,32aaf596-fd59-11e8-aebf-99e208d3e521
1045,Mueller OR Flynn OR Manafort OR Cohen AND lastPublishDateTime:>2018-12-01T00:00:00Z AND lastPublishDateTime:<2019-01-02T00:00:00Z,9682049e-fcf8-11e8-ac00-57a2a826423e
1046,Mueller OR Flynn OR Manafort OR Cohen AND lastPublishDateTime:>2018-12-01T00:00:00Z AND lastPublishDateTime:<2019-01-02T00:00:00Z,9836aa92-f235-11e8-ae55-df4bf40f9d0d
1047,Mueller OR Flynn OR Manafort OR Cohen AND lastPublishDateTime:>2018-12-01T00:00:00Z AND lastPublishDateTime:<2019-01-02T00:00:00Z,68ef72d6-fa15-11e8-af46-2022a0b02a6c
1048,Mueller OR Flynn OR Manafort OR Cohen AND lastPublishDateTime:>2018-12-01T00:00:00Z AND lastPublishDateTime:<2019-01-02T00:00:00Z,acfbed9a-fbd4-11e8-ac00-57a2a826423e
1049,Mueller OR Flynn OR Manafort OR Cohen AND lastPublishDateTime:>2018-12-01T00:00:00Z AND lastPublishDateTime:<2019-01-02T00:00:00Z,f7b66c02-fb34-11e8-aebf-99e208d3e521
1050,Mueller OR Flynn OR Manafort OR Cohen AND lastPublishDateTime:>2018-12-01T00:00:00Z AND lastPublishDateTime:<2019-01-02T00:00:00Z,9824e822-fa6c-11e8-8b7c-6fa24bd5409c
1051,Mueller OR Flynn OR Manafort OR Cohen AND lastPublishDateTime:>2018-12-01T00:00:00Z AND lastPublishDateTime:<2019-01-02T00:00:00Z,b666499e-f9b7-11e8-8b7c-6fa24bd5409c
1052,Mueller OR Flynn OR Manafort OR Cohen AND lastPublishDateTime:>2018-12-01T00:00:00Z AND lastPublishDateTime:<2019-01-02T00:00:00Z,9ae09536-f97f-11e8-af46-2022a0b02a6c
1053,Mueller OR Flynn OR Manafort OR Cohen AND lastPublishDateTime:>2018-12-01T00:00:00Z AND lastPublishDateTime:<2019-01-02T00:00:00Z,4b76b552-f966-11e8-8b7c-6fa24bd5409c
1054,Mueller OR Flynn OR Manafort OR Cohen AND lastPublishDateTime:>2018-12-01T00:00:00Z AND lastPublishDateTime:<2019-01-02T00:00:00Z,df35bfcc-f8c1-11e8-af46-2022a0b02a6c
1055,Mueller OR Flynn OR Manafort OR Cohen AND lastPublishDateTime:>2018-12-01T00:00:00Z AND lastPublishDateTime:<2019-01-02T00:00:00Z,5a0e6e3e-f8ee-11e8-8b7c-6fa24bd5409c
1056,Mueller OR Flynn OR Manafort OR Cohen AND lastPublishDateTime:>2018-12-01T00:00:00Z AND lastPublishDateTime:<2019-01-02T00:00:00Z,0c5fe9e6-f6dd-11e8-af46-2022a0b02a6c
1057,Mueller OR Flynn OR Manafort OR Cohen AND lastPublishDateTime:>2018-12-01T00:00:00Z AND lastPublishDateTime:<2019-01-02T00:00:00Z,d5fd8a72-f833-11e8-af46-2022a0b02a6c
1058,Mueller OR Flynn OR Manafort OR Cohen AND lastPublishDateTime:>2018-12-01T00:00:00Z AND lastPublishDateTime:<2019-01-02T00:00:00Z,99b49376-eea6-11e8-89c8-d36339d835c0
1059,Mueller OR Flynn OR Manafort OR Cohen AND lastPublishDateTime:>2018-12-01T00:00:00Z AND lastPublishDateTime:<2019-01-02T00:00:00Z,fac2c9a8-f568-11e8-af46-2022a0b02a6c
